genepop_2015.txt
L1, L2, L3, L4, L5, L6, L7, L8, L9, L10, L11
Pop
OtsAC18SFMK_0017 ,  186202 231231 154158 274282 134146 243243 000000 175179 288332 203219 201227
OtsAC18SFMK_0942 ,  202230 207243 242256 242274 138212 241259 233237 199223 340344 181203 201203
OtsAC19SFMK_0002 ,  170202 195227 196254 242242 140140 229281 229237 201201 288296 165191 221233
OtsAC19SFMK_0004 ,  182234 207263 154196 238266 130142 235265 205209 159201 332356 115115 201233
OtsAC19SFMK_0008 ,  230268 207207 238254 262278 146164 229261 245265 183235 332348 137193 201233
OtsAC19SFMK_0009 ,  202230 195235 190196 242270 164164 249251 233261 163175 000000 175197 227237
OtsAC19SFMK_0011 ,  190222 219223 154200 250274 134138 249265 233249 159231 236406 137165 207229
OtsAC19SFMK_0014 ,  190226 199247 212250 242270 146164 229261 205209 183231 324348 193265 199201
OtsAC19SFMK_0015 ,  194210 183203 188262 266282 152164 233269 225261 187201 244348 197231 199233
OtsAC19SFMK_0017 ,  198222 195251 154154 234282 152164 229233 197261 179201 336348 137169 201233
OtsAC19SFMK_0019 ,  218218 183207 186254 000000 142146 223249 245265 183235 000000 137187 201233
OtsAC19SFMK_0021 ,  182218 203203 184240 262266 146152 239243 241281 175183 312316 135135 199199
OtsAC19SFMK_0022 ,  166202 187235 204258 238242 138146 207229 201233 175231 316336 191201 227233
OtsAC19SFMK_0029 ,  202230 199259 154242 226234 142204 243269 241281 163183 320340 115181 199199
OtsAC19SFMK_0032 ,  218218 183255 238254 262278 164180 229249 245265 183201 332348 191193 201233
OtsAC19SFMK_0033 ,  202230 207235 196254 242278 142164 223249 237261 201231 336348 137187 199237
OtsAC19SFMK_0035 ,  182222 239263 180198 234246 138212 241245 205249 159159 320328 115191 193193
OtsAC19SFMK_0042 ,  194202 199235 184200 250270 134164 249281 217245 175235 316336 227261 199233
OtsAC19SFMK_0045 ,  198202 211259 198254 262282 134142 243261 225273 175227 328328 189197 201203
OtsAC19SFMK_0046 ,  182234 203259 250254 242290 142168 247265 237277 183235 284308 187227 201201
OtsAC19SFMK_0049 ,  198226 187247 154242 242266 142168 229249 209253 141175 316340 115115 201203
OtsAC19SFMK_0053 ,  218230 207255 238246 262278 142180 229261 000000 183201 328332 187191 199199
OtsAC19SFMK_0054 ,  202222 199227 154154 234274 146152 249277 209241 183227 188256 115161 193219
OtsAC19SFMK_0056 ,  194230 199243 198246 200242 146168 171265 177213 163163 184252 191197 233237
OtsAC19SFMK_0058 ,  202226 000000 154248 234242 134146 207239 000000 000000 328360 115181 193227
OtsAC19SFMK_0059 ,  178238 207227 176200 242266 134138 207249 233237 159175 332336 141187 221233
OtsAC19SFMK_0060 ,  182202 199305 150184 254266 146152 233239 241261 179183 316348 185193 193199
OtsAC19SFMK_0061 ,  194202 199215 154192 242262 134160 223243 181237 179201 296344 197247 219219
OtsAC19SFMK_0063 ,  202222 195215 176194 242242 142164 249261 205281 187231 320336 201249 227233
OtsAC19SFMK_0065 ,  190222 199199 154200 246282 138164 257273 209225 183235 336340 181227 199199
OtsAC19SFMK_0066 ,  182194 199243 198200 242242 138184 207243 205229 201235 316332 181183 201233
OtsAC19SFMK_0074 ,  210238 183219 212238 242254 146164 265285 181213 159231 188188 115189 201221
OtsAC19SFMK_0081 ,  222230 203207 154246 242274 146160 233235 000000 201201 328332 115115 199201
OtsAC19SFMK_0085 ,  186198 195231 154154 216270 134138 249261 000000 159159 184184 115115 199233
OtsAC19SFMK_0087 ,  170226 227255 154176 238242 146184 207265 233241 175183 324324 115115 231233
OtsAC19SFMK_0088 ,  194222 000000 176184 242266 142146 243273 241249 175243 324380 201249 199237
OtsAC19SFMK_0089 ,  194226 000000 200260 242274 142142 243265 000000 163201 312380 161161 193227
OtsAC19SFMK_0090 ,  190190 227235 162200 242266 138142 207243 233237 129179 336352 197219 199207
OtsAC19SFMK_0094 ,  186198 207247 180242 242242 164164 215219 209229 159159 324336 115115 199221
OtsAC19SFMK_0096 ,  186218 243243 196262 242242 152172 171269 237249 179239 332344 189219 233237
OtsAC19SFMK_0100 ,  202226 199227 196204 242242 142212 229281 201209 159227 316316 137191 183227
OtsAC19SFMK_0102 ,  222234 183231 212242 242242 160164 215219 209229 179231 244332 115174 199199
OtsAC19SFMK_0118 ,  222222 199215 154258 238254 146146 243277 209233 155175 268340 197201 231233
OtsAC19SFMK_0120 ,  182186 199247 158196 270282 140152 243257 209237 179201 280332 115181 193237
OtsAC19SFMK_0131 ,  182230 195235 190196 242270 164164 251269 233281 207227 328332 175219 199227
OtsAC19SFMK_0136 ,  194218 191247 154236 270278 142146 203249 000000 000000 332336 137197 199233
OtsAC19SFMK_0149 ,  182222 199203 242244 258262 142152 223229 229237 163187 332336 183191 199227
OtsAC19SFMK_0172 ,  194234 247263 204244 200242 134142 247265 000000 159163 308340 201245 199233
OtsAC20SFMK_1101 ,  186226 199207 258310 246266 142142 239261 225249 175239 276316 161249 199221
OtsAC20SFMK_1102 ,  182218 203227 150176 242270 156164 265277 181237 179179 320328 181183 193227
OtsAC20SFMK_1103 ,  178182 199243 154154 258270 168208 243257 237237 163175 284312 161229 233237
OtsAC20SFMK_1104 ,  186218 183243 238250 242262 164164 269287 217257 163163 348348 189191 199201
OtsAC20SFMK_1106 ,  218230 243283 246246 258266 164164 249273 181233 179195 312316 115189 199201
OtsAC20SFMK_1111 ,  202218 195279 200258 270278 152164 237247 181249 179191 328332 187219 201207
OtsAC20SFMK_1113 ,  190194 203243 216246 242242 142156 233265 205221 183235 332348 115233 201233
OtsAC20SFMK_1119 ,  198218 183263 154254 262266 142152 223243 253265 227235 316332 185193 231233
OtsAC20SFMK_1128 ,  182190 207235 162200 238270 138160 233249 257257 201239 336352 161219 199199
OtsAC20SFMK_1131 ,  222222 195235 154196 258258 134146 233249 229237 159201 344344 115195 237237
OtsAC20SFMK_1135 ,  202202 199223 184242 266282 152168 171275 225241 183227 264380 135219 199233
OtsAC20SFMK_1136 ,  234234 235243 232236 266266 152160 257265 257277 155163 312328 137197 193201
OtsAC20SFMK_1137 ,  178234 235255 154186 234238 152160 243281 000000 175179 284332 161191 193237
OtsAC20SFMK_1142 ,  186190 227239 176216 242266 142164 227265 000000 000000 280328 137191 199233
OtsAC20SFMK_1145 ,  186226 207247 154242 242278 134134 211247 237261 145239 316320 135193 203205
OtsAC20SFMK_1146 ,  186202 183247 196204 242282 138176 229247 229237 175201 296332 181191 221233
OtsAC20SFMK_1176 ,  214230 227239 176232 234238 164212 243247 181237 179179 184324 181227 201201
OtsAC20SFMK_1183 ,  202230 191235 200216 242262 134164 235273 229245 155231 188332 191253 221227
OtsAC20SFMK_1228 ,  202230 203231 208260 262270 164168 235281 197229 175201 240336 197227 199233
OtsCC18SFMK_1650 ,  194214 000000 186254 242266 134146 247255 000000 000000 284320 115135 199201
OtsCC19SFMK_1928 ,  198218 000000 154192 242282 134134 261265 000000 135187 276328 115191 203233  