genepop_2009.txt
L1, L2, L3, L4, L5, L6, L7, L8, L9, L10, L11
Pop
OtsAC12SFMK_8910 ,  190198 207247 158200 258266 134142 233269 217289 159183 312336 187193 193199
OtsAC12SFMK_8957 ,  202222 203239 196200 242266 134138 223243 201229 183231 320332 191223 193199
OtsAC13SFMK_4008 ,  210222 239263 196254 258290 160164 261273 229237 183201 328332 115245 199201
OtsAC13SFMK_4012 ,  178182 243243 154180 234278 168212 229249 217229 175227 268320 193231 199219
OtsAC13SFMK_4022 ,  194202 239259 194198 242266 142152 249287 209217 163179 332352 137185 201201
OtsAC13SFMK_4026 ,  186230 235259 208288 242290 142152 227243 233237 163191 252332 181189 193201
OtsAC13SFMK_4028 ,  198230 195203 204244 238266 164164 241249 181181 175231 336406 187187 199201
OtsAC13SFMK_4031 ,  222226 207227 212242 234242 168168 207223 217241 163195 252284 191243 193201
OtsAC13SFMK_4035 ,  222222 243243 200232 238270 146168 243261 241241 183223 284324 141161 201233
OtsAC13SFMK_4036 ,  166190 219263 176198 242254 138160 223229 209229 175201 188406 115235 193221
OtsAC13SFMK_4038 ,  218230 207247 200250 262278 138146 249261 181229 175239 280348 115115 199219
OtsAC13SFMK_4039 ,  222234 231239 180192 238254 156160 207249 181225 179183 320336 181201 227233
OtsAC13SFMK_4041 ,  190198 203227 198288 234282 160160 249265 217241 183231 336348 187197 199201
OtsAC13SFMK_4043 ,  194234 207255 190196 254266 130146 233247 261285 201227 332410 185219 201233
OtsAC13SFMK_4046 ,  182226 243243 180250 254274 142184 241277 209233 175201 308406 115201 221233
OtsAC13SFMK_4050 ,  182234 207231 192236 200258 146164 229255 217289 163183 328328 115235 207227
OtsAC13SFMK_4052 ,  230230 227235 196388 258262 138146 243273 277281 163183 184352 181223 219221
OtsAC13SFMK_4054 ,  198230 203231 154176 226242 134152 261269 205237 201231 316344 115187 199199
OtsAC13SFMK_4055 ,  194230 191235 154200 200278 142160 227269 181237 175201 188336 249251 201201
OtsAC13SFMK_4057 ,  222230 235259 198240 200266 146168 257261 177213 163171 188332 181219 199201
OtsAC13SFMK_4064 ,  210222 199235 150176 262266 142142 243249 241241 191201 328340 187235 199199
OtsAC13SFMK_4066 ,  202226 243255 198198 254266 142146 265269 209241 175231 328336 181217 199203
OtsAC13SFMK_4070 ,  166226 263279 154154 242274 138138 229243 229237 175201 188320 189201 221233
OtsAC13SFMK_4072 ,  182234 199207 154196 234266 164168 171219 237237 183183 332336 183203 193201
OtsAC13SFMK_4076 ,  218234 195195 244258 242266 130164 239265 257257 183187 284312 177223 199203
OtsAC13SFMK_4077 ,  170182 199255 196244 246266 142168 257261 233277 163175 320332 201207 199233
OtsAC13SFMK_4080 ,  186202 243255 158240 246290 152204 211287 229229 201231 340356 135137 199201
OtsAC13SFMK_4093 ,  210234 255255 198262 266290 142146 265269 181209 179231 328336 181217 193199
OtsAC13SFMK_4096 ,  230230 239267 200212 234234 168168 249253 229257 183227 340376 119187 199201
OtsAC13SFMK_4100 ,  194234 207219 192196 242270 160164 243243 233241 155223 236312 161181 207233
OtsAC13SFMK_4102 ,  186190 231259 154176 262270 134168 171277 229277 179239 332336 189249 201219
OtsAC13SFMK_4103 ,  230230 227283 154180 266274 138164 207243 237261 235243 188236 133161 203233
OtsAC13SFMK_4105 ,  186234 219231 154216 242282 138138 249261 225225 179191 280284 115203 201237
OtsAC13SFMK_4106 ,  182202 227243 198240 266274 152160 223243 209241 175239 280352 115227 199199
OtsAC13SFMK_4107 ,  194214 199207 154246 234282 138142 247261 177237 163239 276280 119141 199201
OtsAC13SFMK_4113 ,  182226 231235 154176 238242 146164 251261 209233 179227 256316 233235 199233
OtsAC13SFMK_4114 ,  210234 207227 154242 234266 142142 269269 185237 179201 276316 141146 201201
OtsAC13SFMK_4120 ,  170226 203227 154176 200242 160172 243255 237245 163231 280348 159219 201201
OtsAC13SFMK_4123 ,  182194 231231 150238 258266 138164 241249 257261 163175 312328 177227 199237
OtsAC13SFMK_4127 ,  194218 199255 154198 242262 160164 261273 261277 179191 340398 219235 201201
OtsAC13SFMK_4128 ,  190198 207235 196198 200220 146172 247281 241249 155183 332332 115235 201201
OtsAC13SFMK_4136 ,  214230 207227 200204 274282 146164 253281 209261 175187 272316 137223 199201
OtsAC13SFMK_4143 ,  186230 247318 154254 266266 146164 207229 225237 201239 332336 185187 193201
OtsAC13SFMK_4144 ,  170226 187195 180294 274282 164164 223261 261261 175201 308336 187201 205227
OtsAC13SFMK_4145 ,  226230 203235 198240 200270 152200 243261 209233 179183 348352 115265 201233
OtsAC13SFMK_4147 ,  186198 243263 216388 238242 134152 247253 209213 175223 332340 115227 193201
OtsAC13SFMK_4149 ,  186214 235263 208388 234254 138146 233253 249257 175175 308332 115233 193219
OtsAC13SFMK_4150 ,  170222 199199 196258 258266 164172 245261 233253 183231 284348 181237 199219
OtsAC13SFMK_4151 ,  218222 195255 154154 200242 160168 233261 237261 191201 340360 219235 201203
OtsAC13SFMK_4152 ,  226230 203235 154154 242242 138152 243281 241249 201223 284352 135189 201233
OtsAC13SFMK_4153 ,  194230 207215 154238 234286 138168 261281 237261 175179 316344 141249 199219
OtsAC13SFMK_4159 ,  186234 179247 154196 234266 138164 171259 237273 179201 316336 141159 193201
OtsAC13SFMK_4172 ,  222230 195207 154250 258262 138142 243245 177257 175183 312324 157187 207227
OtsAC13SFMK_4178 ,  178182 211231 154240 262266 152176 171243 237245 179235 340402 161181 221233
OtsAC13SFMK_4185 ,  222222 195255 154154 262270 138164 239249 213241 159179 336410 181235 201205
OtsAC13SFMK_4215 ,  186238 187239 150258 266274 146146 265287 233237 163239 328410 115217 201237
OtsAC13SFMK_4239 ,  234234 215255 186192 258258 142160 243261 229237 175201 320332 161193 199233
OtsAC14SFMK_0001 ,  198202 195239 192198 262278 146160 243261 261261 175231 316344 191201 199203
OtsAC14SFMK_0002 ,  234234 227259 176258 242262 134142 211233 221265 175201 252328 195201 203221
OtsAC14SFMK_0003 ,  190222 199211 216238 262278 152164 241243 241261 163175 312320 201233 199203
OtsAC14SFMK_0005 ,  194234 207231 154240 266274 130156 243243 225237 175187 332336 135237 201221
OtsAC14SFMK_0006 ,  222230 243263 154258 220262 164172 239245 237253 175231 284402 161231 201221
OtsAC14SFMK_0007 ,  190202 199255 150204 242254 138164 233269 217277 159183 188340 181187 219233
OtsAC14SFMK_0008 ,  186202 243255 158240 266290 152204 211287 229229 159231 340340 135137 199201
OtsAC14SFMK_0010 ,  214226 199227 246258 200242 134160 223249 177257 201227 184320 115119 193233
OtsAC14SFMK_0011 ,  186222 195267 192250 262262 142146 269287 209241 179227 184328 161199 221233
OtsAC14SFMK_0013 ,  214218 199219 212294 270278 152160 239249 237249 179187 340398 181189 201233
OtsAC14SFMK_0014 ,  226230 195203 176248 200246 142146 243287 229233 183201 340352 115165 201233
OtsAC14SFMK_0015 ,  186226 183219 154176 254274 138142 229243 229241 175175 336340 115235 221221
OtsAC14SFMK_0016 ,  186218 183247 154238 234286 138152 171281 237261 163179 316344 189249 199201
OtsAC14SFMK_0017 ,  234234 243259 154176 254274 134160 241243 257265 175175 188402 181191 199199
OtsAC14SFMK_0021 ,  170214 199207 184196 266270 164168 223243 237277 175201 332402 207219 199233
OtsAC14SFMK_0024 ,  222230 227263 154254 266278 142142 241269 225253 129231 252402 137195 205207
OtsAC14SFMK_0025 ,  222230 243255 176198 234238 134160 261269 241277 231231 316324 201201 199199
OtsAC14SFMK_0026 ,  186218 247255 154224 234258 142152 171249 237257 179239 316328 115141 199237
OtsAC14SFMK_0028 ,  218222 219247 212244 266290 152152 249249 237249 163179 320356 175193 199233
OtsAC14SFMK_0030 ,  202226 191195 154176 234266 138164 257285 209225 159231 320380 161161 201233
OtsAC14SFMK_0032 ,  202234 243263 180216 270290 152176 219233 181237 163171 236320 115187 199203
OtsAC14SFMK_0033 ,  226230 183235 198388 242278 138142 233243 209249 175231 308348 185189 219233
OtsAC14SFMK_0034 ,  226230 195231 196246 200258 134138 249269 257277 159227 184280 137191 193201
OtsAC14SFMK_0035 ,  170230 199227 154238 262274 168204 171273 225237 183235 188312 161231 219233
OtsAC14SFMK_0038 ,  182194 219255 154154 200242 138204 269273 209257 175235 324402 181235 199219
OtsAC14SFMK_0039 ,  182234 231239 150244 242274 138142 249277 225241 175183 236344 115161 221233
OtsAC14SFMK_0040 ,  222222 195231 158196 242242 142184 243257 237241 175179 336344 191249 201205
OtsAC14SFMK_0041 ,  170202 207231 154198 270282 138164 243243 181205 179187 280336 203245 199237
OtsAC14SFMK_0043 ,  194222 195231 154158 242242 164184 243249 213261 175179 280280 161185 199207
OtsAC14SFMK_0046 ,  186202 199199 176250 270274 146164 223273 209209 129179 316344 189191 201205
OtsAC14SFMK_0048 ,  186234 195255 250262 262266 142146 269269 257265 175227 184328 181233 193233
OtsAC14SFMK_0049 ,  198230 251259 154180 200266 146164 171249 253277 231239 284348 119191 227233
OtsAC14SFMK_0052 ,  202206 191255 154240 234262 168180 223241 213241 201231 268398 177235 193201
OtsAC14SFMK_0053 ,  182198 187187 238278 238274 164164 257261 233277 159175 280284 217227 227233
OtsAC14SFMK_0054 ,  214222 235239 200254 258278 138164 233261 181249 179187 188320 115201 199233
OtsAC14SFMK_0058 ,  182234 199239 196244 246270 160164 233273 229277 201239 272328 187197 193233
OtsAC14SFMK_0061 ,  202230 235255 150176 220274 134164 233245 209253 129231 328332 181209 193219
OtsAC14SFMK_0063 ,  202222 183235 154154 274282 142172 223249 233237 163235 332332 119193 201219
OtsAC14SFMK_0071 ,  198234 231255 216246 220286 152160 255261 233237 175195 284328 161195 221233
OtsAC14SFMK_0072 ,  218230 195235 154196 200278 152152 219269 229245 201231 296376 115193 233237
OtsAC14SFMK_0073 ,  198202 195243 154154 242290 160168 249273 237237 175201 312320 115187 233233
OtsAC14SFMK_0076 ,  202218 195247 158244 258274 138164 249253 225233 155171 284316 161191 193199
OtsAC14SFMK_0080 ,  186226 179191 154196 270270 138138 233259 237245 183227 272276 183201 201203
OtsAC14SFMK_0086 ,  182190 227231 154180 266282 146168 269277 225233 187239 308332 201219 219233
OtsAC14SFMK_0087 ,  190234 199235 158196 238238 134142 171243 209257 159175 332352 141177 199199
OtsAC14SFMK_0088 ,  190230 207231 284388 200246 164164 243273 209277 179201 320332 187197 201227
OtsAC14SFMK_0091 ,  234234 243263 154200 262290 138142 249249 181277 159179 320332 187219 207233
OtsAC14SFMK_0098 ,  202226 191195 154240 234266 138164 223285 185297 175201 320380 135161 201233
OtsAC14SFMK_0099 ,  226230 199239 200212 226246 146164 207257 209217 159179 320344 115247 199227
OtsAC14SFMK_0101 ,  226230 235255 188262 262266 146160 251269 209257 179187 184328 181199 203237
OtsAC14SFMK_0109 ,  214222 219313 154192 250258 134168 243269 241249 175175 188340 185245 193199
OtsAC14SFMK_0144 ,  198234 219259 150288 242278 152152 269269 237261 199223 188324 115249 219233
OtsAC14SFMK_0152 ,  186190 207247 192248 200266 142212 243245 233237 201239 188252 115191 193201
OtsAC14SFMK_0188 ,  226226 000000 154188 000000 152152 239269 000000 000000 244320 161199 199233
OtsAC14SFMK_0210 ,  194222 219227 176184 270282 146164 241243 241241 159223 312414 193235 193199
OtsAC15SFMK_0218 ,  186230 235243 250262 242274 134212 243243 177209 183183 312352 115115 227233
OtsAC15SFMK_3043 ,  000000 195207 000000 242286 164200 249253 241297 159179 332332 000000 000000  