OtsAC11SFMK_0001	194	222	192	198	217	233	175	179	249	255	188	276	115	137	234	250	235	255	138	152	201	227
OtsAC11SFMK_0002	182	182	154	250	229	257	231	231	243	265	188	336	181	235	234	242	203	203	146	164	233	233
OtsAC11SFMK_0003	210	222	196	232	229	277	155	183	229	265	316	344	197	257	242	242	235	263	142	160	201	221
OtsAC11SFMK_0005	194	222	236	244	209	209	163	231	243	249	284	336	191	201	200	278	191	235	142	168	201	233
OtsAC11SFMK_0006	230	234	196	202	189	237	179	223	233	281	188	316	181	187	258	262	227	247	146	146	199	233
OtsAC11SFMK_0007	202	202	154	258	181	261	179	195	243	269	256	264	189	227	262	282	191	195	142	146	199	199
OtsAC11SFMK_0008	218	230	198	278	177	177	159	159	243	243	188	336	189	193	238	278	195	203	138	212	201	207
OtsAC11SFMK_0009	162	186	176	246	201	233	179	183	243	269	332	360	137	181	250	290	219	227	142	142	201	205
OtsAC11SFMK_0010	214	218	158	196	217	229	175	175	239	243	248	312	135	249	242	270	199	211	134	212	199	201
OtsAC11SFMK_0011	194	230	180	198	229	269	175	201	237	247	336	392	137	191	200	242	183	203	146	146	203	227
OtsAC11SFMK_0012	186	202	176	262	213	249	175	179	239	249	336	394	115	189	258	270	211	219	142	146	199	199
OtsAC11SFMK_0013	234	234	176	274	213	265	167	207	241	247	348	406	115	165	266	286	231	231	142	164	193	201
OtsAC11SFMK_0014	222	226	216	242	205	209	179	223	233	285	188	340	135	193	262	270	247	247	146	212	201	201
OtsAC11SFMK_0015	186	190	212	244	237	261	171	223	249	261	280	312	181	191	238	242	199	243	134	164	193	201
OtsAC11SFMK_0016	182	234	154	192	181	217	187	239	243	247	316	380	137	161	234	238	199	231	142	180	199	203
OtsAC11SFMK_0017	182	194	240	264	229	237	201	239	253	273	284	320	191	231	258	266	235	247	152	152	221	227
OtsAC11SFMK_0018	194	202	176	196	177	213	163	191	241	243	184	348	197	197	258	270	239	259	138	152	199	199
OtsAC11SFMK_0019	202	234	154	196	233	241	175	183	237	281	284	320	137	249	242	242	199	263	164	164	201	201
OtsAC11SFMK_0020	198	230	236	250	229	229	163	201	215	277	308	316	165	185	242	242	191	195	146	152	205	221
OtsAC11SFMK_0021	210	222	250	288	181	209	175	183	273	281	324	324	177	225	242	250	199	255	142	164	193	201
OtsAC11SFMK_0022	182	230	196	212	209	217	201	231	243	273	312	406	187	237	238	242	199	239	142	208	199	201
OtsAC11SFMK_0023	222	230	198	254	209	237	175	239	247	265	324	348	185	187	266	270	195	243	146	146	193	237
OtsAC11SFMK_0024	166	234	180	196	229	265	183	183	265	277	344	356	141	191	250	258	227	235	142	142	201	201
OtsAC11SFMK_0025	202	222	154	244	217	233	163	179	255	261	324	394	181	249	262	270	227	259	152	164	199	205
OtsAC11SFMK_0026	190	202	154	154	181	245	201	239	233	243	276	402	183	187	242	270	235	239	138	164	199	233
OtsAC11SFMK_0027	202	222	154	254	209	209	201	239	215	249	348	402	187	227	242	254	203	243	142	164	199	233
OtsAC11SFMK_0028	190	218	154	244	217	237	175	223	243	245	248	316	161	235	266	274	239	247	146	164	193	207
OtsAC11SFMK_0029	226	230	154	254	205	209	171	223	249	255	340	348	167	199	234	242	203	203	134	142	199	227
OtsAC11SFMK_0030	226	230	196	250	189	229	163	191	253	253	280	284	115	193	274	286	183	259	138	164	199	233
OtsAC11SFMK_0031	186	198	154	158	209	237	175	227	235	245	332	348	203	249	246	270	243	305	134	142	199	201
OtsAC11SFMK_0032	186	230	158	198	209	241	175	179	243	249	324	328	137	195	238	266	251	259	142	152	199	201
OtsAC11SFMK_0033	170	218	200	212	241	253	231	231	229	249	284	316	191	199	258	290	235	239	134	168	203	205
OtsAC11SFMK_0034	222	230	198	242	209	237	163	201	235	249	284	348	119	241	266	278	195	199	142	168	201	233
OtsAC11SFMK_0035	202	230	200	258	201	217	129	201	207	249	248	316	191	203	238	242	211	239	142	146	193	233
OtsAC11SFMK_0036	178	230	154	242	209	257	201	201	215	253	188	328	177	245	234	234	195	227	160	242	221	233
OtsAC11SFMK_0037	170	222	216	258	177	197	155	179	229	233	320	356	115	187	262	266	243	247	138	142	201	201
OtsAC11SFMK_0038	190	218	150	236	221	241	179	187	261	269	188	340	189	191	282	286	195	231	146	152	201	233
OtsAC11SFMK_0039	198	202	150	244	265	297	175	231	207	249	188	348	161	233	258	266	231	247	134	164	201	205
OtsAC11SFMK_0040	190	230	202	216	229	237	191	201	249	285	188	276	191	219	258	266	199	207	142	142	199	201
OtsAC11SFMK_0041	182	202	200	236	233	249	159	201	243	247	336	344	115	193	250	262	211	239	134	152	199	221
OtsAC11SFMK_0042	186	226	154	186	181	237	175	175	243	287	312	336	191	247	226	262	227	263	146	146	201	203
OtsAC11SFMK_0043	186	186	154	212	177	261	163	175	219	243	324	406	137	185	242	262	227	255	146	160	207	233
OtsAC11SFMK_0044	194	198	154	180	181	241	163	199	171	255	312	332	193	227	234	238	247	267	134	168	199	237
OtsAC11SFMK_0045	194	202	176	240	209	213	231	231	207	269	332	352	191	241	262	282	219	235	134	142	201	203
OtsAC11SFMK_0046	186	222	194	200	209	229	183	183	249	273	296	348	155	231	200	266	235	259	152	164	201	233
OtsAC11SFMK_0047	190	226	240	250	185	257	179	191	223	243	316	328	137	191	242	242	187	207	142	168	193	219
OtsAC11SFMK_0048	178	186	200	250	217	233	159	175	243	249	336	336	115	187	242	290	207	247	142	200	199	233
OtsAC11SFMK_0049	190	230	192	254	229	229	179	183	229	239	328	402	181	247	266	286	203	207	138	160	193	219
OtsAC11SFMK_0050	186	222	158	196	181	201	175	191	247	281	280	392	137	161	200	242	203	207	138	142	219	233
OtsAC11SFMK_0051	194	222	200	262	213	261	175	179	243	285	312	356	191	191	258	274	239	247	160	168	201	203
OtsAC11SFMK_0052	214	234	154	196	177	241	159	183	253	269	316	328	161	247	266	270	183	247	142	142	201	227
OtsAC11SFMK_0053	186	202	196	242	225	237	171	175	223	249	320	324	139	191	266	286	199	235	152	168	201	237
OtsAC11SFMK_0054	222	226	154	196	237	241	159	201	233	249	316	344	195	203	258	266	211	235	146	152	199	221
OtsAC11SFMK_0055	194	202	198	254	225	253	227	239	233	247	188	332	187	233	242	290	231	239	160	168	193	199
OtsAC11SFMK_0056	218	222	236	278	205	229	175	175	229	243	348	380	161	191	234	254	183	203	146	152	199	227
OtsAC11SFMK_0057	182	198	200	258	185	209	145	235	245	249	308	332	181	243	242	274	195	227	146	164	201	201
OtsAC11SFMK_0058	182	226	184	192	173	229	129	159	261	287	316	380	231	247	254	274	227	259	146	184	201	233
OtsAC11SFMK_0059	194	230	250	254	205	229	199	235	207	269	308	340	193	197	238	262	243	283	146	168	199	201
OtsAC11SFMK_0060	222	234	200	246	161	229	163	191	265	273	332	340	181	245	258	274	235	279	142	146	201	221
OtsAC11SFMK_0061	186	230	246	254	177	229	179	231	243	253	188	304	187	235	242	246	207	243	160	164	201	203
OtsAC11SFMK_0062	210	230	154	200	213	245	159	201	247	277	332	398	197	235	238	250	207	255	146	164	199	221
OtsAC11SFMK_0063	202	230	192	200	177	229	129	179	207	243	312	328	229	247	242	262	231	243	142	168	221	233
OtsAC11SFMK_0064	202	230	196	244	217	229	183	201	257	269	308	316	187	257	238	238	239	243	142	142	201	233
OtsAC11SFMK_0065	198	226	186	200	185	261	163	227	237	249	188	188	187	197	270	274	219	243	168	184	201	237
OtsAC11SFMK_0066	214	214	158	232	229	237	175	183	243	243	268	316	137	137	200	246	219	263	164	212	227	237
OtsAC11SFMK_0067	170	226	154	176	233	245	155	231	207	249	316	336	189	249	258	282	183	227	142	164	201	233
OtsAC11SFMK_0068	202	238	200	236	245	257	183	195	257	269	256	328	189	257	266	270	251	263	142	146	199	233
OtsAC11SFMK_0069	170	202	200	254	237	249	175	191	183	237	312	348	187	249	200	278	195	227	146	152	201	237
OtsAC11SFMK_0070	202	226	192	240	209	229	163	183	243	261	332	410	115	187	258	278	195	255	164	172	201	233
OtsAC11SFMK_0071	182	234	194	200	209	237	175	175	243	261	316	348	185	187	242	270	195	251	146	146	199	233
OtsAC11SFMK_0072	218	234	154	244	217	237	159	175	243	245	248	316	201	243	266	274	239	247	142	200	193	207
OtsAC11SFMK_0073	202	226	240	258	249	265	129	163	223	269	332	360	181	187	258	282	195	255	164	164	205	205
OtsAC11SFMK_0074	230	234	176	248	177	181	191	195	207	207	256	348	185	189	262	282	195	263	146	164	199	219
OtsAC11SFMK_0075	198	226	154	198	229	245	159	223	229	243	248	328	115	235	238	242	195	251	142	146	201	237
OtsAC11SFMK_0076	226	230	154	154	209	233	179	231	249	261	256	356	165	191	274	278	219	239	164	212	199	203
OtsAC11SFMK_0077	214	234	200	236	229	237	129	163	249	281	292	352	191	249	258	278	259	279	142	164	201	201
OtsAC11SFMK_0078	190	194	196	200	229	237	159	231	241	261	332	332	193	249	242	266	187	247	146	146	193	201
OtsAC11SFMK_0079	202	234	154	200	181	209	129	183	249	273	348	348	231	249	246	266	247	259	164	168	199	201
OtsAC11SFMK_0080	230	234	200	242	169	189	145	235	171	249	316	316	187	243	242	258	247	279	134	142	199	221
OtsAC11SFMK_0081	222	234	154	242	181	229	231	239	233	243	188	332	183	187	242	270	203	259	138	164	193	221
OtsAC11SFMK_0082	162	230	196	200	209	261	129	231	249	269	264	348	181	265	246	262	207	259	168	180	199	205
OtsAC11SFMK_0083	222	222	154	200	241	269	145	207	243	249	280	332	115	233	242	266	199	227	142	152	199	237
OtsAC11SFMK_0084	222	222	154	254	181	237	163	183	215	249	348	402	115	187	242	266	239	243	160	164	199	233
OtsAC11SFMK_0085	226	234	180	258	249	253	195	231	223	257	300	332	181	235	262	270	195	219	138	142	199	201
OtsAC11SFMK_0086	198	234	200	200	229	233	175	187	229	243	320	328	115	235	242	242	195	251	142	142	199	201
OtsAC11SFMK_0087	198	230	150	154	181	209	179	231	239	243	256	316	115	197	266	274	227	239	142	156	201	203
OtsAC11SFMK_0088	190	222	158	204	177	229	179	239	235	243	280	406	227	241	234	238	227	235	140	200	201	201
OtsAC11SFMK_0089	190	202	196	254	233	297	175	201	207	249	248	360	243	247	242	290	187	211	142	164	193	237
OtsAC11SFMK_0090	166	226	150	244	217	229	175	231	207	243	324	332	161	201	234	266	231	231	134	200	193	237
OtsAC11SFMK_0091	202	202	240	246	181	253	227	227	249	281	328	360	115	203	266	282	223	243	142	146	199	203
OtsAC11SFMK_0092	198	210	200	212	213	229	175	231	229	241	348	398	115	235	242	242	207	219	146	164	201	221
OtsAC11SFMK_0093	198	234	198	236	217	261	179	179	247	269	344	418	115	203	242	290	235	255	146	168	201	203
OtsAC11SFMK_0094	186	226	196	254	229	233	175	183	273	281	244	272	203	247	266	278	191	219	164	212	201	221
OtsAC11SFMK_0095	190	198	150	200	225	269	179	207	229	239	316	328	161	191	238	266	199	239	138	180	201	233
OtsAC11SFMK_0096	170	186	200	244	177	181	159	201	215	223	188	336	191	235	238	278	195	255	142	168	201	221
OtsAC11SFMK_0097	170	226	200	200	241	265	179	179	261	261	324	406	201	245	200	278	183	211	134	142	201	201
OtsAC11SFMK_0098	230	234	158	198	209	273	145	155	207	241	316	320	135	191	200	270	179	259	142	146	201	221
OtsAC11SFMK_0099	202	226	192	262	181	249	195	227	243	243	280	332	191	249	226	258	203	259	142	146	221	233
OtsAC11SFMK_0100	214	226	200	266	233	253	179	235	249	261	332	340	185	219	250	262	195	219	142	164	233	233
OtsAC11SFMK_0101	178	222	154	176	209	229	183	231	233	273	348	352	115	115	246	266	243	259	146	168	199	233
OtsAC11SFMK_0102	186	226	154	254	233	241	129	231	223	269	332	336	119	195	238	278	187	235	152	152	199	201
OtsAC11SFMK_0103	170	230	242	254	189	237	175	223	241	241	316	320	191	255	258	270	207	235	142	212	199	207
OtsAC11SFMK_0104	202	202	158	200	229	237	163	175	233	239	316	320	115	231	286	286	211	243	164	164	199	219
OtsAC11SFMK_0105	190	226	200	200	229	233	175	187	223	243	248	332	115	235	238	242	219	251	146	146	203	203
OtsAC11SFMK_0106	190	202	154	254	233	297	163	175	249	261	320	340	161	243	274	290	211	247	142	146	193	233
OtsAC11SFMK_0107	198	222	154	244	185	257	163	183	229	249	316	348	185	253	242	262	195	263	142	152	203	219
OtsAC11SFMK_0108	222	226	154	244	169	233	163	175	207	249	340	360	243	247	242	290	219	247	142	152	193	233
OtsAC11SFMK_0109	182	234	184	192	217	237	159	175	223	261	296	332	191	193	238	274	183	227	164	164	201	221
OtsAC11SFMK_0110	202	218	198	254	169	261	163	201	243	249	248	312	191	241	238	274	227	259	142	142	193	233
OtsAC11SFMK_0111	198	202	198	200	209	249	155	183	257	281	280	316	201	219	258	278	199	207	164	212	201	227
OtsAC11SFMK_0112	186	202	154	196	233	237	175	191	249	257	320	344	181	191	242	250	219	305	138	142	193	219
OtsAC11SFMK_0113	194	230	192	236	173	185	129	159	233	287	336	380	193	247	234	254	211	259	146	184	201	233
OtsAC11SFMK_0114	230	234	246	254	241	249	179	187	247	269	188	332	235	245	242	266	207	227	152	160	199	201
OtsAC11SFMK_0115	194	222	200	200	177	241	159	179	239	249	332	398	197	197	262	290	195	219	142	142	199	199
OtsAC11SFMK_0116	198	222	180	196	181	233	163	175	255	265	312	348	197	227	238	270	207	239	138	168	193	237
OtsAC11SFMK_0117	230	234	198	258	205	241	175	179	247	269	324	348	115	203	242	266	243	243	138	160	193	199
OtsAC11SFMK_0118	230	230	154	250	229	249	163	179	243	249	296	406	177	191	234	266	235	247	152	168	199	237
OtsAC11SFMK_0119	190	194	176	236	233	257	183	201	233	261	188	332	115	243	238	246	223	247	142	146	201	219
OtsAC11SFMK_0120	222	226	154	196	237	277	163	183	247	269	340	344	115	175	270	290	227	227	146	160	199	201
OtsAC11SFMK_0121	182	186	158	236	205	229	159	179	233	233	284	398	181	245	242	266	207	223	134	204	193	199
OtsAC11SFMK_0122	222	230	244	244	209	269	163	175	253	265	320	340	193	249	242	258	227	231	138	152	199	199
OtsAC11SFMK_0123	218	234	154	248	229	229	159	231	243	247	312	336	115	229	246	262	219	259	142	184	201	201
OtsAC11SFMK_0124	166	222	196	254	249	265	175	183	245	265	332	348	141	197	246	270	195	255	142	164	201	233
OtsAC11SFMK_0125	194	202	232	236	233	281	159	223	239	249	332	406	181	191	258	278	207	211	164	168	193	193
OtsAC11SFMK_0126	218	218	196	236	173	229	201	239	229	281	280	336	193	247	234	242	203	219	146	164	193	199
OtsAC11SFMK_0128	198	226	154	184	237	257	159	187	229	265	320	332	115	235	238	286	195	251	142	152	199	219
OtsAC11SFMK_0129	194	218	150	200	229	237	175	179	243	285	312	312	115	187	262	274	199	219	134	164	193	201
OtsAC11SFMK_0130	202	218	196	254	233	237	163	179	243	249	248	332	189	241	238	274	211	247	146	160	201	221
OtsAC11SFMK_0131	202	234	154	198	209	277	129	187	233	247	292	324	191	249	242	278	231	259	142	168	201	233
OtsAC11SFMK_0132	194	202	196	242	249	277	175	183	243	265	284	316	135	177	242	266	191	255	142	146	199	201
OtsAC11SFMK_0133	230	230	180	254	181	277	159	183	249	281	280	356	199	201	270	274	203	243	160	164	201	233
OtsAC11SFMK_0134	222	226	154	254	169	181	159	183	249	265	316	388	137	227	258	294	219	223	146	168	201	227
OtsAC11SFMK_0135	178	230	154	200	209	237	129	201	233	245	328	348	115	203	242	278	243	259	142	142	199	201
OtsAC11SFMK_0136	170	198	240	244	229	229	231	231	215	243	312	324	229	235	242	262	247	255	142	142	201	203
OtsAC11SFMK_0137	186	234	154	184	261	281	175	191	219	261	324	356	191	243	234	238	183	267	164	168	201	203
OtsAC11SFMK_0138	186	230	192	258	237	273	191	227	207	265	248	316	191	197	242	290	239	247	142	146	193	203
OtsAC11SFMK_0139	170	202	154	196	181	245	159	201	243	285	352	360	161	191	234	242	203	259	142	146	199	201
OtsAC11SFMK_0140	198	222	154	254	229	233	175	231	249	257	324	336	191	201	234	290	183	227	146	146	199	233
OtsAC11SFMK_0141	186	198	154	200	233	233	183	201	243	249	312	312	115	137	274	290	227	227	142	142	201	201
OtsAC11SFMK_0142	230	234	154	254	261	261	187	239	243	253	284	332	187	235	266	270	207	227	152	160	199	201
OtsAC11SFMK_0143	170	186	154	200	209	229	159	201	215	223	188	336	191	235	266	278	195	255	142	168	201	221
OtsAC11SFMK_0144	202	202	180	254	229	273	175	179	281	281	332	414	137	163	242	266	199	239	164	168	201	221
OtsAC11SFMK_0145	182	230	196	258	229	233	199	235	229	245	308	332	181	223	234	274	195	203	146	146	227	227
OtsAC11SFMK_0146	202	226	254	288	169	257	175	201	249	261	332	352	115	243	274	278	211	247	134	152	233	233
OtsAC11SFMK_0147	202	210	196	274	213	249	175	183	239	255	248	320	181	235	242	262	219	263	142	160	193	201
OtsAC11SFMK_0148	186	186	236	246	181	257	175	231	223	251	320	402	137	203	238	274	183	235	184	212	227	227
OtsAC11SFMK_0149	198	230	180	258	185	237	175	201	249	261	332	352	181	235	238	246	191	231	134	184	201	201
OtsAC11SFMK_0150	194	202	184	216	177	285	187	227	223	249	316	340	181	193	242	262	199	259	142	160	199	227
OtsAC11SFMK_0151	190	218	154	244	165	209	179	231	229	229	332	356	181	207	270	274	211	235	134	168	199	203
OtsAC11SFMK_0152	222	226	154	250	181	249	231	235	171	269	188	312	193	247	246	282	227	247	146	164	193	227
OtsAC11SFMK_0153	186	206	248	248	229	237	175	183	223	247	316	406	157	191	238	242	179	179	146	168	203	219
OtsAC11SFMK_0154	170	182	158	240	217	249	183	195	241	255	284	348	137	199	250	266	231	255	146	168	201	237
OtsAC11SFMK_0155	186	234	150	154	241	249	179	187	253	261	304	340	187	197	242	282	183	227	152	152	201	201
OtsAC11SFMK_0156	198	226	154	254	261	269	175	175	243	249	320	332	115	185	234	258	203	305	160	212	199	201
OtsAC11SFMK_0157	222	230	158	188	209	237	219	223	249	265	324	328	135	195	242	266	251	251	142	152	201	233
OtsAC11SFMK_0158	182	190	150	188	209	257	175	235	235	255	332	348	181	199	238	250	231	259	168	168	201	227
OtsAC11SFMK_0159	226	230	150	154	181	241	163	163	239	261	356	360	115	197	262	278	219	239	142	156	201	203
OtsAC11SFMK_0160	194	218	154	180	261	277	175	235	243	245	280	312	191	229	254	262	235	259	142	160	199	199
OtsAC11SFMK_0161	186	222	262	310	229	241	175	235	233	243	332	356	185	197	242	290	267	305	134	142	201	201
OtsAC11SFMK_0162	202	214	162	246	245	257	137	175	229	243	316	418	197	211	242	258	227	227	138	142	201	201
OtsAC11SFMK_0163	186	202	158	200	213	237	175	175	241	243	268	348	137	181	238	286	211	263	138	164	219	233
OtsAC11SFMK_0164	198	238	196	278	233	253	187	235	249	261	332	340	181	203	234	246	243	251	146	168	207	233
OtsAC11SFMK_0165	182	210	154	254	221	237	175	179	243	265	316	406	115	183	258	274	203	259	142	156	199	205
OtsAC11SFMK_0166	214	222	154	180	217	265	175	235	207	249	184	340	189	201	242	242	255	305	146	168	199	237
OtsAC11SFMK_0167	182	202	154	240	229	257	129	187	179	233	332	348	191	195	238	250	183	203	146	152	219	221
OtsAC11SFMK_0168	234	234	204	246	205	229	183	195	261	265	316	394	115	181	238	242	195	203	138	146	199	203
OtsAC11SFMK_0169	194	218	232	254	177	277	183	199	233	241	328	344	231	249	242	242	235	255	146	156	193	199
OtsAC11SFMK_0170	202	230	142	200	221	261	183	231	207	269	300	316	181	191	242	262	239	251	142	168	193	199
OtsAC11SFMK_0171	170	198	158	288	229	241	179	219	223	223	332	402	137	165	262	266	195	255	142	176	205	233
OtsAC11SFMK_0172	190	234	150	246	229	241	179	187	253	261	332	340	197	245	242	282	227	227	152	152	199	203
OtsAC11SFMK_0173	178	222	154	246	173	233	159	159	211	233	316	328	187	245	274	282	215	235	160	160	193	233
OtsAC11SFMK_0175	186	222	184	228	205	229	179	227	233	233	284	418	181	239	238	242	211	259	142	146	199	221
OtsAC11SFMK_0176	190	222	204	242	241	261	129	175	249	273	284	356	163	255	266	282	215	231	168	242	199	227
OtsAC11SFMK_0177	186	202	154	196	217	229	175	179	249	265	328	336	193	233	238	274	207	247	134	142	233	237
OtsAC11SFMK_0178	190	234	150	196	217	241	179	201	219	261	256	340	197	227	266	282	231	255	152	168	201	201
OtsAC11SFMK_0179	202	202	192	196	229	229	179	179	239	261	316	348	115	181	262	282	203	211	142	164	199	237
OtsAC11SFMK_0180	198	218	150	196	185	209	163	175	243	249	316	352	137	253	242	274	195	259	200	220	193	219
OtsAC11SFMK_0181	170	182	154	180	241	241	129	179	211	247	284	340	137	193	234	274	215	243	146	242	199	227
OtsAC11SFMK_0182	218	230	150	154	177	261	129	175	261	285	188	280	161	193	262	278	207	255	146	146	201	201
OtsAC11SFMK_0183	194	230	150	180	181	209	159	179	243	249	296	312	115	197	262	270	239	247	152	164	199	221
OtsAC11SFMK_0184	194	198	244	250	181	289	175	201	241	251	316	336	177	191	242	242	227	227	142	152	205	233
OtsAC11SFMK_0185	170	214	154	180	237	241	163	191	239	287	320	324	135	249	258	266	239	243	142	152	193	227
OtsAC11SFMK_0186	186	194	154	200	229	245	179	187	179	199	312	356	195	197	238	266	219	235	146	146	199	221
OtsAC11SFMK_0187	218	222	200	252	177	241	179	201	223	281	316	336	135	193	234	278	247	255	142	152	199	205
OtsAC11SFMK_0188	198	198	188	200	229	233	187	235	261	269	296	332	137	191	266	266	199	199	138	152	205	227
OtsAC11SFMK_0189	190	198	192	254	229	233	201	201	207	269	272	332	193	195	242	242	207	263	152	164	199	221
OtsAC11SFMK_0190	198	210	154	240	177	181	187	231	243	261	332	340	173	191	270	274	235	243	134	164	199	237
OtsAC11SFMK_0191	190	226	196	254	177	181	175	175	243	285	332	340	115	219	200	250	207	277	164	164	203	207
OtsAC11SFMK_0192	182	198	184	200	205	257	201	231	219	239	296	360	115	193	200	238	183	219	164	164	201	221
OtsAC11SFMK_0193	190	238	198	258	217	281	179	235	207	265	332	336	115	261	246	266	231	259	146	164	219	237
OtsAC11SFMK_0194	186	226	254	254	177	277	179	231	223	269	284	336	115	193	238	262	187	235	142	152	199	237
OtsAC11SFMK_0195	234	234	154	240	205	229	159	159	233	243	248	394	115	115	246	262	219	259	142	184	221	233
OtsAC11SFMK_0196	182	234	154	224	233	241	163	201	249	253	300	336	157	161	242	250	247	255	142	142	199	199
OtsAC11SFMK_0197	230	234	192	220	233	241	149	187	257	281	280	320	115	197	242	274	207	267	146	160	201	221
OtsAC11SFMK_0198	190	222	154	154	209	245	183	201	243	249	276	402	187	227	242	270	203	235	138	164	199	233
OtsAC11SFMK_0199	230	234	180	232	209	277	159	187	239	255	188	402	115	203	270	278	235	239	168	212	199	221
OtsAC11SFMK_0200	210	218	192	262	237	237	191	235	243	273	320	336	161	187	270	282	195	203	164	172	193	199
OtsAC11SFMK_0201	194	202	200	240	185	229	175	201	249	249	348	356	115	191	242	258	219	235	134	146	199	201
OtsAC11SFMK_0202	198	234	232	310	213	265	201	227	219	265	336	376	187	187	200	258	235	247	152	176	201	205
OtsAC11SFMK_0203	186	222	196	200	237	241	179	183	243	261	324	328	201	245	200	250	199	247	142	164	201	221
OtsAC11SFMK_0204	210	210	250	266	209	261	187	235	253	281	252	324	177	197	266	278	203	263	152	168	201	237
OtsAC11SFMK_0206	198	222	196	200	177	229	175	231	229	277	336	348	191	197	242	266	195	199	142	146	199	205
OtsAC11SFMK_0207	186	210	158	200	201	253	179	231	249	277	188	320	177	187	258	290	207	247	146	152	227	237
OtsAC11SFMK_0208	174	230	154	242	217	229	175	227	249	261	328	336	233	243	238	274	211	255	134	142	193	233
OtsAC11SFMK_0209	198	230	150	180	229	237	159	179	239	249	296	312	115	219	262	270	239	247	152	164	199	221
OtsAC11SFMK_0210	182	194	184	192	173	185	129	159	261	287	188	336	193	247	254	274	211	259	146	184	201	233
OtsAC11SFMK_0211	198	230	180	192	181	229	163	231	249	269	188	320	185	195	234	246	187	259	164	184	199	233
OtsAC11SFMK_0212	198	202	196	236	181	281	159	191	253	281	188	392	181	247	238	258	235	239	142	200	229	233
OtsAC11SFMK_0213	202	210	154	196	229	249	159	201	229	285	276	360	161	201	234	242	203	227	134	168	199	221
OtsAC11SFMK_0214	182	210	184	244	229	237	175	231	171	239	248	280	169	191	262	282	247	251	152	152	201	207
OtsAC11SFMK_0215	202	222	196	200	241	289	201	235	207	223	332	336	177	249	258	270	199	235	142	160	199	233
OtsAC11SFMK_0216	202	234	186	200	229	237	149	227	265	269	316	328	197	235	258	282	203	239	152	160	199	203
OtsAC11SFMK_0217	182	218	154	244	237	237	175	175	265	269	320	392	135	181	250	282	247	263	146	164	193	221
OtsAC11SFMK_0218	222	230	158	196	237	281	175	183	241	281	308	328	161	191	250	274	207	215	146	152	199	201
OtsAC11SFMK_0219	198	226	184	200	229	257	159	239	229	265	248	336	115	235	242	286	195	251	142	152	237	237
OtsAC11SFMK_0220	186	194	186	278	205	237	231	235	207	269	276	312	187	227	266	274	183	235	134	160	201	233
OtsAC11SFMK_0221	178	198	250	250	173	229	163	231	251	265	316	316	191	193	242	286	191	235	142	164	201	221
OtsAC11SFMK_0222	230	238	200	254	229	237	201	231	243	253	280	316	161	245	270	282	195	195	130	164	193	233
OtsAC11SFMK_0223	186	210	192	246	209	241	183	227	211	229	402	406	163	235	234	270	239	255	134	142	203	227
OtsAC11SFMK_0224	194	230	184	200	173	185	159	179	233	243	188	336	193	231	234	254	211	259	138	146	201	233
OtsAC11SFMK_0225	206	218	186	202	249	265	183	231	207	247	244	340	115	181	238	266	183	195	168	172	201	205
OtsAC11SFMK_0226	230	230	154	200	233	249	201	227	249	257	312	340	165	227	200	238	227	251	142	168	193	237
OtsAC11SFMK_0227	198	230	244	244	217	233	163	179	261	265	320	324	181	205	242	290	187	247	152	164	205	207
OtsAC11SFMK_0229	186	202	198	216	253	269	163	223	207	269	184	352	249	253	238	242	255	255	134	168	199	203
OtsAC11SFMK_0230	174	194	200	250	181	257	175	179	243	249	336	336	187	233	242	254	235	255	142	152	199	227
OtsAC11SFMK_0231	170	218	158	198	217	237	183	183	269	269	316	328	115	187	238	266	255	255	152	156	193	207
OtsAC11SFMK_0232	190	230	180	240	229	241	191	199	229	281	184	280	137	191	242	242	195	195	142	146	201	201
OtsAC11SFMK_0233	226	234	242	242	205	245	201	201	171	243	276	312	185	227	238	262	203	259	138	146	201	233
OtsAC11SFMK_0234	170	202	196	200	237	277	183	201	243	259	280	328	191	261	242	282	195	255	138	142	227	237
OtsAC11SFMK_0235	186	190	200	310	169	237	183	183	243	269	244	304	161	231	234	242	215	243	142	164	199	201
OtsAC11SFMK_0237	198	230	200	258	261	261	175	179	229	249	332	348	157	199	258	266	243	247	160	204	183	233
OtsAC11SFMK_0238	186	210	180	216	177	237	175	179	241	269	284	392	181	181	250	266	207	239	146	164	193	201
OtsAC11SFMK_0239	202	210	154	198	229	273	179	179	241	249	284	324	193	227	242	266	203	219	142	152	201	233
OtsAC11SFMK_0240	170	202	154	240	177	205	175	201	211	265	308	336	155	181	238	262	199	211	146	164	201	227
OtsAC11SFMK_0241	186	222	186	196	229	233	183	223	223	249	296	336	193	199	278	278	199	255	134	164	201	233
OtsAC11SFMK_0242	190	222	196	200	237	241	201	235	245	269	320	336	119	119	242	278	247	247	142	160	227	233
OtsAC11SFMK_0243	210	226	198	216	233	237	163	179	269	273	316	414	135	165	242	266	207	227	138	142	219	221
OtsAC11SFMK_0244	202	234	196	236	181	249	159	231	247	281	328	344	181	191	238	242	227	235	138	164	201	233
OtsAC11SFMK_0245	202	222	154	236	201	205	201	231	241	257	320	340	161	187	234	266	183	235	146	152	193	201
OtsAC11SFMK_0246	194	214	196	224	209	277	129	231	249	273	320	394	185	199	220	262	191	195	138	160	201	233
OtsAC11SFMK_0248	182	190	200	250	221	253	175	175	265	277	328	406	161	187	258	274	203	219	134	156	199	205
OtsAC11SFMK_0250	170	222	184	194	221	237	163	183	243	257	312	368	115	235	262	286	203	235	138	146	199	237
OtsAC11SFMK_0251	190	202	192	236	177	229	159	179	261	265	304	336	161	227	262	262	235	267	142	152	207	227
OtsAC11SFMK_0252	202	234	188	212	237	241	159	175	223	255	244	402	181	197	234	282	183	203	146	212	199	221
OtsAC11SFMK_0254	182	202	150	254	185	257	163	179	249	253	312	360	177	241	242	270	207	207	142	164	201	233
OtsAC11SFMK_0255	202	202	246	250	209	213	187	207	241	249	276	312	137	193	274	298	199	270	164	168	201	233
OtsAC11SFMK_0256	202	226	240	240	217	233	163	201	257	261	316	332	165	181	242	274	247	247	142	168	219	233
OtsAC11SFMK_0257	202	222	154	200	233	261	191	235	215	287	316	352	165	173	262	282	183	203	156	172	203	203
OtsAC11SFMK_0258	182	182	204	224	173	245	159	171	247	261	236	320	235	255	242	266	215	235	142	160	201	227
OtsAC11SFMK_0260	230	230	236	244	209	281	179	227	235	253	348	402	135	193	250	278	199	251	142	168	201	233
OtsAC11SFMK_0261	206	218	202	258	217	265	183	231	171	245	184	340	115	159	200	238	195	207	160	168	205	227
OtsAC11SFMK_0262	170	194	240	250	193	261	179	231	257	259	332	344	115	197	234	262	219	243	164	212	201	221
OtsAC11SFMK_0263	190	210	154	196	229	233	155	175	223	239	312	332	159	197	262	266	247	255	142	152	199	227
OtsAC11SFMK_0264	182	222	176	244	229	237	191	227	229	243	312	320	193	227	266	270	207	247	142	152	201	207
OtsAC11SFMK_0265	170	222	200	216	225	241	175	175	243	253	188	240	119	161	258	286	199	283	164	164	199	199
OtsAC11SFMK_0266	202	202	180	240	233	241	183	231	273	281	332	348	181	191	254	278	183	239	164	184	199	203
OtsAC11SFMK_0267	182	190	186	192	205	261	199	227	207	223	348	352	177	181	238	262	235	302	134	152	201	221
OtsAC11SFMK_0268	178	190	196	242	241	261	175	179	241	243	184	316	161	223	238	242	243	247	146	146	199	227
OtsAC11SFMK_0269	186	222	166	198	217	237	175	179	223	241	248	316	161	191	250	262	183	183	142	164	199	201
OtsAC11SFMK_0270	230	230	154	190	173	237	159	227	223	257	336	340	161	177	242	270	195	195	138	156	201	207
OtsAC11SFMK_0271	182	218	254	254	233	237	175	201	223	239	236	332	159	161	262	266	207	223	142	152	199	227
OtsAC11SFMK_0272	198	230	196	254	233	261	163	175	207	223	280	328	137	193	262	274	219	243	134	138	193	201
OtsAC11SFMK_0273	194	230	200	250	273	277	171	235	249	253	312	324	165	227	258	270	247	255	142	176	199	227
OtsAC11SFMK_0274	202	202	176	200	217	237	175	179	243	243	308	336	185	191	270	274	199	251	152	152	193	201
OtsAC11SFMK_0275	186	234	184	254	225	261	171	227	207	249	188	348	139	177	254	274	227	255	164	180	221	237
OtsAC11SFMK_0276	202	230	186	238	237	269	179	179	223	281	284	336	135	197	234	282	179	283	134	164	199	227
OtsAC11SFMK_0277	210	230	250	260	261	273	179	187	249	281	252	324	197	227	238	258	247	263	152	168	199	237
OtsAC11SFMK_0278	194	222	200	258	233	265	175	223	249	281	340	406	155	197	246	258	207	251	134	164	193	227
OtsAC11SFMK_0279	190	230	158	240	229	237	163	227	233	257	328	352	115	161	262	290	227	267	142	164	219	221
OtsAC11SFMK_0280	190	234	154	200	241	265	163	175	249	255	328	352	119	227	266	270	219	263	146	168	201	233
OtsAC11SFMK_0281	186	226	158	212	257	261	159	195	253	281	188	392	189	191	258	262	187	231	138	142	205	233
OtsAC11SFMK_0282	222	222	246	254	173	241	175	179	249	269	320	332	115	141	274	282	191	227	168	168	203	237
OtsAC11SFMK_0283	198	230	258	278	217	229	175	191	249	255	312	320	205	223	242	270	183	227	138	138	199	199
OtsAC11SFMK_0284	182	194	154	154	197	229	129	171	179	269	328	332	115	181	238	290	203	247	160	212	199	201
OtsAC11SFMK_0285	186	210	250	250	209	237	179	231	249	253	288	296	119	227	258	266	203	223	138	142	199	199
OtsAC11SFMK_0286	190	234	200	244	233	261	179	235	207	239	236	316	191	191	242	242	243	255	138	168	199	227
OtsAC11SFMK_0287	170	234	196	254	257	277	145	235	207	243	272	300	173	201	266	274	191	195	152	168	193	201
OtsAC11SFMK_0288	182	194	154	200	225	241	187	201	223	273	336	344	201	219	242	250	239	239	142	146	193	203
OtsAC11SFMK_0289	234	296	198	254	249	249	175	183	171	233	244	312	229	247	242	266	203	259	134	164	199	227
OtsAC11SFMK_0290	218	230	240	262	217	237	159	213	241	249	312	320	245	249	270	278	223	255	138	152	199	199
OtsAC11SFMK_0291	170	202	158	180	225	229	175	187	223	261	308	348	193	249	274	274	199	255	138	164	219	233
OtsAC11SFMK_0292	222	230	154	254	173	229	179	231	249	265	188	324	115	139	234	266	203	231	134	168	193	221
OtsAC11SFMK_0293	230	230	154	244	205	257	175	191	207	245	320	344	161	191	242	262	199	235	164	212	201	201
OtsAC11SFMK_0294	182	234	158	250	205	249	175	187	239	269	324	414	185	197	242	270	199	227	142	164	201	219
OtsAC11SFMK_0296	234	234	158	158	237	269	183	203	277	287	316	316	181	197	226	238	195	215	146	164	193	199
OtsAC11SFMK_0297	186	190	154	208	209	277	159	223	239	243	184	316	191	197	258	274	255	305	134	176	205	227
OtsAC11SFMK_0298	222	222	278	288	233	237	175	175	229	243	320	336	181	253	266	282	199	227	164	168	203	233
OtsAC11SFMK_0299	170	198	158	288	233	237	163	219	223	257	332	406	115	161	262	266	195	255	142	176	199	233
OtsAC11SFMK_0300	194	202	176	246	249	261	191	201	207	207	312	418	191	235	258	258	227	231	160	172	199	201
OtsAC11SFMK_0301	198	222	240	250	181	217	175	239	259	261	324	336	181	191	242	274	191	255	146	152	201	233
OtsAC11SFMK_0302	170	198	216	236	233	237	179	187	247	257	244	356	161	181	274	278	199	263	164	168	193	233
OtsAC11SFMK_0303	178	222	198	200	237	241	175	179	223	253	312	316	185	189	200	200	231	231	152	164	201	203
OtsAC11SFMK_0304	190	222	192	258	229	273	163	179	229	265	280	316	137	191	234	242	231	251	134	134	201	233
OtsAC11SFMK_0305	198	234	198	238	233	249	175	231	249	261	312	388	161	161	242	278	255	259	164	168	201	237
OtsAC11SFMK_0306	222	234	186	254	185	249	183	227	207	249	312	320	193	229	266	266	235	255	142	146	199	201
OtsAC11SFMK_0307	198	222	154	200	237	237	175	179	239	253	288	312	185	189	200	242	199	203	138	152	203	207
OtsAC11SFMK_0309	210	226	196	202	233	265	171	187	229	265	240	328	235	253	262	282	199	235	160	168	221	233
OtsAC11SFMK_0310	198	218	176	196	229	277	129	183	253	265	316	348	137	257	234	262	199	235	142	168	203	227
OtsAC11SFMK_0311	202	202	154	278	233	233	159	175	243	247	272	320	219	233	266	282	199	247	142	164	201	237
OtsAC11SFMK_0312	218	222	154	196	229	273	163	227	229	261	256	284	189	197	242	282	199	247	160	164	203	233
OtsAC11SFMK_0313	198	222	246	250	229	257	231	231	207	243	280	328	161	181	238	294	199	207	172	200	201	201
OtsAC11SFMK_0314	198	198	154	224	177	229	201	227	229	249	348	398	199	253	242	286	207	255	146	146	199	237
OtsAC11SFMK_0315	190	210	198	204	229	241	163	171	253	273	236	332	135	255	270	274	207	215	142	212	201	227
OtsAC11SFMK_0316	182	210	154	200	229	237	175	183	245	249	320	348	191	241	234	242	207	239	138	142	201	233
OtsAC11SFMK_0317	198	226	240	246	241	281	175	239	243	243	320	332	187	197	234	242	211	255	152	168	193	227
OtsAC11SFMK_0319	202	222	158	180	249	249	163	231	229	243	328	406	133	189	242	266	195	235	146	152	201	201
OtsAC11SFMK_0320	202	202	236	274	209	293	159	231	229	247	284	328	185	243	200	250	235	247	146	152	193	201
OtsAC11SFMK_0321	210	230	166	242	229	261	187	201	241	277	188	240	137	219	242	258	207	235	164	212	199	201
OtsAC11SFMK_0322	202	222	154	240	185	217	187	201	273	277	332	336	119	181	258	282	183	207	164	200	199	199
OtsAC11SFMK_0323	190	234	154	186	217	237	163	175	171	239	320	328	159	219	238	290	219	243	142	212	201	205
OtsAC11SFMK_0324	194	230	212	254	229	229	179	207	239	249	188	336	181	247	274	286	211	259	134	142	201	237
OtsAC11SFMK_0325	170	206	254	258	237	241	175	191	247	249	316	344	161	191	258	274	199	231	138	146	199	227
OtsAC11SFMK_0327	230	234	154	204	209	209	187	187	223	281	188	336	187	191	266	286	183	267	142	142	201	233
OtsAC11SFMK_0328	230	234	154	242	177	261	183	187	265	269	280	356	185	193	234	282	219	231	134	156	201	221
OtsAC11SFMK_0329	198	222	154	158	185	277	175	243	249	281	320	402	135	197	238	266	235	247	142	168	201	227
OtsAC11SFMK_0330	198	210	158	212	181	201	175	175	243	249	272	296	165	177	242	242	207	227	142	160	199	233
OtsAC11SFMK_0331	186	202	176	236	209	229	179	183	233	261	284	348	115	245	230	266	207	247	146	204	221	233
OtsAC11SFMK_0333	198	222	196	240	241	289	179	183	223	243	336	336	119	135	242	274	247	255	152	164	199	233
OtsAC11SFMK_0334	182	210	154	154	185	249	175	231	265	269	328	414	119	195	270	274	195	207	146	164	199	205
OtsAC11SFMK_0335	222	230	150	250	209	249	155	235	249	249	316	324	227	231	200	258	231	247	134	152	201	227
OtsAC11SFMK_0336	162	186	158	198	241	245	227	235	249	265	332	332	201	243	234	258	195	293	142	176	199	227
OtsAC11SFMK_0337	182	194	176	310	229	233	163	175	241	265	308	352	237	257	242	270	203	219	142	146	201	201
OtsAC11SFMK_0340	218	222	198	288	237	257	175	227	223	229	312	414	183	249	242	258	227	243	142	142	219	237
OtsAC11SFMK_0341	202	234	176	246	213	233	163	235	241	243	184	348	191	197	258	270	195	239	152	168	199	227
OtsAC11SFMK_0343	182	186	196	262	245	257	183	187	245	249	332	344	115	199	234	282	203	243	164	184	199	219
OtsAC11SFMK_0344	202	230	184	254	249	277	175	231	247	247	332	356	115	173	242	274	239	267	146	160	199	221
OtsAC11SFMK_0345	190	202	236	236	177	225	175	201	265	269	284	332	155	191	242	254	247	247	142	146	201	201
OtsAC11SFMK_0346	198	218	154	242	177	217	175	175	249	251	272	348	185	191	262	278	211	227	164	168	201	233
OtsAC11SFMK_0347	186	190	250	256	177	193	175	175	249	251	296	360	141	181	242	286	239	263	168	184	233	233
OtsAC11SFMK_0348	182	218	216	244	217	217	175	175	243	273	320	392	175	181	266	282	243	243	146	160	197	221
OtsAC11SFMK_0351	194	234	154	154	237	241	163	183	241	281	308	336	115	219	220	266	207	255	134	146	201	201
OtsAC11SFMK_0352	198	198	180	260	217	257	175	201	223	243	320	332	243	249	242	266	207	243	134	212	201	227
OtsAC11SFMK_0353	190	222	244	246	185	233	175	235	261	269	324	402	185	225	242	282	203	255	134	164	201	219
OtsAC11SFMK_0354	182	194	154	200	229	245	129	223	179	269	312	332	181	197	266	266	203	219	146	146	199	199
OtsAC11SFMK_0356	202	226	186	240	237	277	175	239	243	249	236	336	187	235	242	262	247	255	160	168	193	233
OtsAC11SFMK_0357	198	230	158	192	241	297	163	227	207	241	312	332	189	229	258	270	207	235	138	160	193	233
OtsAC11SFMK_0358	202	226	198	242	241	297	129	227	249	257	328	398	181	247	238	266	211	239	142	160	193	203
OtsAC11SFMK_0362	190	198	154	196	229	281	129	235	255	265	328	394	155	209	266	266	235	270	146	168	203	207
OtsAC11SFMK_0364	218	234	186	196	233	281	201	239	241	247	324	332	191	201	234	282	195	195	142	176	203	227
OtsAC11SFMK_0365	170	218	150	188	217	225	183	201	243	285	280	280	185	229	242	242	207	227	146	152	201	201
OtsAC11SFMK_0366	182	230	212	254	181	233	163	199	247	269	328	340	173	181	246	258	187	235	146	146	193	233
OtsAC11SFMK_0367	226	230	196	196	233	281	187	187	229	265	284	316	135	165	258	266	191	255	142	152	193	221
OtsAC11SFMK_0370	202	230	158	200	229	237	129	223	233	241	316	348	183	193	242	266	235	259	142	152	199	221
OtsAC11SFMK_0371	202	296	192	198	229	265	175	239	233	281	348	388	163	167	234	282	203	255	142	146	201	227
OtsAC11SFMK_0372	226	238	154	250	177	229	163	187	233	241	188	340	187	201	270	282	195	243	146	152	193	201
OtsAC11SFMK_0373	194	230	242	244	249	261	187	235	229	249	256	348	193	231	200	278	203	207	142	152	193	199
OtsAC11SFMK_0374	190	202	192	192	209	213	163	183	207	243	280	332	193	197	234	274	199	239	164	164	193	203
OtsAC11SFMK_0375	198	230	154	196	213	217	179	179	241	269	312	398	115	119	234	262	183	267	146	160	203	233
OtsAC11SFMK_0376	222	226	154	258	217	241	175	191	249	265	188	394	223	249	270	270	211	247	152	212	199	207
OtsAC11SFMK_0377	230	234	154	200	217	249	175	183	207	249	272	312	119	193	242	258	195	207	134	142	201	201
OtsAC11SFMK_0378	194	198	154	158	229	237	175	179	257	269	332	402	137	161	266	278	195	219	142	146	199	233
OtsAC11SFMK_0380	190	198	158	196	237	237	187	235	253	269	272	352	161	193	242	274	191	247	152	160	199	201
OtsAC11SFMK_0381	202	234	186	186	185	281	175	227	183	273	312	332	137	187	220	242	255	259	142	184	201	233
OtsAC11SFMK_0386	186	226	162	200	217	257	175	235	233	265	276	348	115	115	238	242	247	247	142	142	199	227
OtsAC11SFMK_0387	202	206	154	246	273	273	163	167	207	281	316	344	191	219	242	282	207	259	160	164	199	201
OtsAC11SFMK_0388	190	226	192	242	185	241	163	175	243	243	272	320	197	249	254	278	227	259	130	164	193	221
CBD_11_1009	202	206	150	244	209	229	175	231	211	277	348	348	175	189	200	266	195	199	138	212	199	201
CBD_11_1030	198	230	154	244	209	237	163	179	0	0	0	0	185	197	242	262	187	223	138	184	199	207
CBD_11_1040	194	226	158	258	229	229	159	235	179	179	188	398	183	193	234	266	195	219	164	164	201	203
CBD_11_1049	218	230	240	258	225	241	207	235	243	277	336	348	203	227	242	282	195	199	142	152	219	233
CBD_11_1059	198	222	250	250	233	285	175	201	243	273	300	328	119	233	212	254	203	283	146	146	199	201
CBD_11_1069	198	214	196	250	181	245	175	235	211	273	328	336	137	175	266	274	203	243	138	146	201	203
CBD_11_1079	218	226	196	244	181	233	175	175	0	0	0	0	115	225	212	212	183	191	152	164	201	237
CBD_11_1080	190	198	250	250	205	209	175	235	249	249	316	332	185	193	266	270	199	219	142	142	207	233
CBD_11_1089	210	222	200	244	201	281	163	175	179	243	280	328	137	181	242	290	199	207	138	146	199	199
CBD_11_1090	226	230	154	200	229	249	187	187	229	257	284	332	185	187	242	286	203	239	138	168	193	233
CBD_11_1100	182	182	176	200	229	237	129	179	269	269	320	332	197	201	274	274	227	255	138	138	221	233
CBD_11_504	190	202	154	212	217	229	223	239	207	251	276	332	185	193	238	270	199	219	152	164	201	201
CBD_11_510	222	234	154	158	261	277	171	175	239	249	348	352	195	243	266	270	203	227	138	164	201	237
CBD_11_511	186	190	184	254	229	233	179	183	265	269	188	328	119	161	242	262	195	207	134	212	193	199
CBD_11_512	0	0	0	0	237	241	175	227	223	229	188	312	183	235	242	246	199	247	142	168	203	219
CBD_11_513	218	218	158	238	205	217	187	227	211	251	244	244	115	191	220	242	195	247	152	164	201	233
CBD_11_516	0	0	0	0	233	249	199	235	249	277	256	320	177	219	242	254	191	195	146	164	199	203
CBD_11_519	186	190	154	200	237	241	183	183	243	269	244	304	231	235	234	242	219	243	134	146	199	201
CBD_11_520	218	226	180	250	229	237	175	231	249	269	324	336	139	161	212	266	183	243	168	168	201	229
CBD_11_522	230	230	154	198	233	285	175	227	223	233	332	398	189	191	234	266	231	247	142	142	199	201
CBD_11_528	222	234	184	254	237	297	175	175	243	277	256	336	155	231	242	242	227	247	164	176	199	207
CBD_11_529	202	202	196	200	237	237	163	175	243	285	328	336	115	257	266	286	231	251	152	168	193	201
CBD_11_530	198	202	196	244	217	237	179	235	249	253	188	356	115	137	224	262	183	199	152	164	193	221
CBD_11_534	218	226	212	238	217	253	175	183	211	239	188	344	137	177	246	270	239	259	164	172	193	199
CBD_11_535	186	186	154	250	229	237	201	243	257	265	284	316	115	181	258	274	195	279	152	152	201	237
CBD_11_537	202	202	242	250	177	233	175	231	211	243	284	324	137	177	278	290	195	231	164	168	201	227
CBD_11_542	202	210	254	288	241	241	163	183	241	243	332	402	181	191	226	270	247	263	152	160	193	237
CBD_11_543	166	218	216	258	237	261	163	223	171	273	336	418	119	181	250	278	211	247	134	146	193	221
CBD_11_546	186	222	198	198	237	241	159	231	219	277	184	188	139	201	242	254	227	231	168	168	227	233
CBD_11_547	194	218	158	176	177	209	201	227	253	269	188	264	137	193	282	282	199	243	138	146	193	205
CBD_11_548	214	230	196	200	233	261	179	227	207	249	188	336	137	191	258	274	203	255	138	146	201	201
CBD_11_550	222	222	188	198	185	233	179	187	243	273	324	328	115	181	238	258	239	259	164	164	199	227
CBD_11_551	190	234	248	252	229	237	175	201	223	223	316	336	159	181	242	282	195	255	142	164	233	233
CBD_11_552	222	230	196	204	169	229	145	201	211	233	316	348	197	231	230	242	187	263	142	146	201	237
CBD_11_554	186	202	154	196	229	241	175	183	243	281	316	336	231	245	242	262	219	243	146	180	201	201
CBD_11_555	186	296	158	238	217	237	163	187	211	251	244	244	191	197	220	242	203	219	142	164	201	201
CBD_11_556	218	226	154	158	181	237	163	201	247	257	288	312	231	249	246	262	203	247	142	152	199	233
CBD_11_557	186	206	154	274	241	261	179	227	241	261	264	276	119	191	262	262	183	183	146	176	193	233
CBD_11_558	174	230	196	240	217	233	163	175	249	269	336	352	163	187	216	282	239	279	134	142	219	233
CBD_11_562	190	222	150	184	233	281	175	235	233	261	296	406	187	229	254	262	191	203	142	160	199	199
CBD_11_563	206	206	250	258	217	265	231	231	207	245	244	340	115	159	238	266	183	195	168	172	201	201
CBD_11_564	202	234	200	288	225	261	175	201	223	243	272	280	181	185	270	290	195	211	152	152	201	221
CBD_11_567	198	226	158	198	181	229	175	235	179	265	284	328	175	197	234	266	195	219	142	146	233	233
CBD_11_568	202	226	196	196	205	237	175	179	219	241	316	328	115	115	250	266	191	199	152	164	219	221
CBD_11_569	186	190	200	240	213	261	179	191	207	265	236	312	161	227	262	278	227	231	146	160	233	233
