OtsAC10SFMK_1001	198	234	158	200	209	257	159	175	183	243	188	312	115	197	266	274	195	263	134	142	199	229
OtsAC10SFMK_1002	190	222	180	196	217	233	201	201	253	285	276	352	241	261	200	282	235	259	142	172	199	219
OtsAC10SFMK_1003	202	218	180	204	221	261	183	231	207	269	312	348	181	191	274	278	227	239	138	142	233	233
OtsAC10SFMK_1004	182	230	198	258	229	241	175	175	249	249	256	394	227	241	258	262	227	239	146	168	193	201
OtsAC10SFMK_1005	182	218	196	216	177	181	179	187	233	249	184	340	197	247	234	262	235	259	138	146	199	201
OtsAC10SFMK_1006	230	234	216	240	241	249	179	191	249	249	188	256	141	227	258	262	227	239	146	168	193	201
OtsAC10SFMK_1007	190	226	198	200	217	237	163	219	223	269	276	340	115	261	242	266	227	259	164	176	219	221
OtsAC10SFMK_1008	0	0	0	0	177	225	207	223	0	0	188	352	137	187	238	238	243	255	138	152	199	201
OtsAC10SFMK_1009	194	230	150	204	209	245	175	183	243	243	316	344	165	189	242	270	203	227	164	164	193	201
OtsAC10SFMK_1010	202	230	242	254	209	237	179	191	241	241	316	352	191	219	270	270	207	235	142	212	199	199
OtsAC10SFMK_1011	186	234	198	240	205	281	175	207	243	243	188	316	115	205	242	242	195	309	134	146	199	219
OtsAC10SFMK_1012	182	202	198	200	237	285	175	235	223	241	316	348	135	181	270	286	211	259	142	146	199	237
OtsAC10SFMK_1013	202	230	154	196	209	281	129	191	249	249	236	316	137	227	242	266	203	235	142	152	193	199
OtsAC10SFMK_1014	226	230	200	278	177	257	227	231	237	249	276	352	173	193	200	258	195	219	134	138	199	201
OtsAC10SFMK_1015	222	230	196	236	205	261	175	179	247	269	316	348	187	191	242	242	203	243	138	138	183	199
OtsAC10SFMK_1016	170	182	242	250	245	245	163	175	243	243	244	376	181	195	242	242	195	235	152	168	201	233
OtsAC10SFMK_1017	198	222	200	244	265	273	191	239	223	249	236	316	181	197	242	266	199	235	142	152	199	211
OtsAC10SFMK_1018	190	222	180	196	229	233	201	227	223	285	276	352	237	241	242	266	235	259	142	172	199	233
OtsAC10SFMK_1019	190	194	176	240	205	237	159	231	261	285	244	336	189	203	238	242	255	263	152	152	199	219
OtsAC10SFMK_1020	170	198	150	258	229	245	227	235	269	273	320	320	115	193	220	274	191	231	138	142	201	227
OtsAC10SFMK_1021	194	230	180	192	177	225	175	179	245	247	188	352	115	137	238	250	231	243	152	152	199	201
OtsAC10SFMK_1022	170	222	198	250	217	241	175	187	265	269	188	244	181	195	242	242	239	243	146	152	201	233
OtsAC10SFMK_1023	190	230	198	258	229	269	163	199	243	261	280	352	115	137	266	274	203	231	172	176	219	227
OtsAC10SFMK_1024	230	230	154	196	217	237	175	219	223	285	356	356	235	261	242	278	183	195	142	152	199	221
OtsAC10SFMK_1025	170	190	154	192	217	241	179	183	223	249	316	348	119	203	238	282	195	255	138	152	199	219
OtsAC10SFMK_1026	198	234	176	192	209	237	175	239	207	273	256	376	115	187	220	242	235	255	142	164	199	199
OtsAC10SFMK_1027	218	230	246	246	185	229	159	159	247	261	312	320	115	247	250	262	203	255	172	200	201	221
OtsAC10SFMK_1028	186	230	200	240	233	249	175	231	249	261	308	332	137	137	238	290	227	251	142	142	201	227
OtsAC10SFMK_1029	202	226	236	262	229	281	155	227	249	269	316	352	177	233	226	258	203	259	146	160	227	233
OtsAC10SFMK_1030	194	234	248	250	237	265	159	191	233	287	284	320	115	181	234	242	239	243	146	152	199	199
OtsAC10SFMK_1031	222	234	196	200	229	245	159	227	249	277	284	380	115	243	238	270	239	279	142	152	199	233
OtsAC10SFMK_1032	198	202	158	184	265	281	175	201	245	255	332	336	177	181	234	278	187	235	130	142	203	233
OtsAC10SFMK_1033	202	218	196	198	229	265	163	227	249	277	344	344	193	197	266	282	235	247	142	164	207	221
OtsAC10SFMK_1034	198	198	180	198	221	237	195	239	249	257	324	332	197	249	242	290	183	267	152	168	199	199
OtsAC10SFMK_1035	0	0	0	0	185	285	227	239	265	273	320	332	115	193	220	290	191	207	138	152	193	201
OtsAC10SFMK_1036	222	234	154	188	209	237	175	179	249	265	328	332	135	235	242	266	251	251	138	142	201	233
OtsAC10SFMK_1037	218	222	196	254	217	249	175	239	265	273	248	392	135	185	250	262	179	211	134	142	199	237
OtsAC10SFMK_1038	202	230	196	242	169	229	145	159	171	273	316	348	187	193	238	258	211	247	134	142	199	221
OtsAC10SFMK_1039	230	238	196	212	217	229	183	201	269	273	308	316	187	245	238	266	239	251	142	142	199	203
OtsAC10SFMK_1040	182	222	192	198	209	245	175	179	243	261	320	348	185	235	250	282	195	243	146	152	233	237
OtsAC10SFMK_1041	222	230	154	180	237	245	191	201	247	251	324	344	115	257	270	270	227	235	138	164	201	237
OtsAC10SFMK_1042	190	222	154	258	209	249	163	235	243	255	328	394	195	205	242	254	227	283	134	138	199	207
OtsAC10SFMK_1043	170	218	154	258	209	217	191	231	247	269	340	344	233	235	220	242	227	255	138	142	193	201
OtsAC10SFMK_1044	222	234	240	278	229	233	175	201	229	229	280	348	187	191	234	254	199	203	146	152	193	237
OtsAC10SFMK_1045	222	230	180	200	181	245	175	239	229	249	328	356	137	257	242	270	203	235	142	164	199	221
OtsAC10SFMK_1046	194	202	198	258	229	265	175	201	243	261	280	352	115	191	242	246	183	203	142	142	227	233
OtsAC10SFMK_1047	198	230	240	254	205	265	175	231	265	273	244	340	137	235	220	242	219	227	146	168	201	221
OtsAC10SFMK_1048	182	238	246	274	181	265	155	207	243	249	284	312	177	187	258	278	199	231	142	146	201	233
OtsAC10SFMK_1049	182	202	196	200	237	277	201	223	207	249	316	406	203	241	238	258	211	247	142	146	221	233
OtsAC10SFMK_1050	194	230	154	204	217	233	207	231	243	243	348	406	193	197	238	246	207	255	142	152	193	233
OtsAC10SFMK_1051	202	230	154	242	205	229	175	239	229	261	272	316	181	189	220	242	195	255	152	242	207	221
OtsAC10SFMK_1052	222	230	198	204	249	261	163	207	243	261	304	316	157	195	242	282	199	231	138	146	201	201
OtsAC10SFMK_1053	202	222	184	192	237	241	179	201	245	269	236	320	119	119	270	278	235	247	142	152	199	233
OtsAC10SFMK_1054	190	222	162	244	217	301	163	235	241	255	256	394	191	205	270	270	207	247	138	164	201	207
OtsAC10SFMK_1055	170	222	150	258	209	209	175	231	243	247	328	340	181	189	0	0	243	243	146	152	199	201
OtsAC10SFMK_1056	186	226	198	236	229	277	159	183	249	269	284	336	161	193	200	278	203	235	138	142	233	237
OtsAC10SFMK_1057	222	230	198	236	229	277	163	175	249	269	284	336	193	227	242	270	199	227	146	164	201	227
OtsAC10SFMK_1058	170	198	254	258	217	257	187	191	219	269	252	344	227	233	242	290	203	227	146	156	193	201
OtsAC10SFMK_1059	218	230	200	248	209	265	175	179	253	265	328	352	235	249	238	266	183	235	134	156	199	203
OtsAC10SFMK_1060	166	222	154	250	213	237	171	183	239	253	316	328	137	161	234	238	203	203	138	146	199	233
OtsAC10SFMK_1061	198	230	154	254	229	265	187	201	243	287	312	336	161	165	242	266	235	263	142	146	203	221
OtsAC10SFMK_1062	190	222	246	258	217	249	163	235	243	265	328	394	205	233	242	270	247	283	134	152	207	233
OtsAC10SFMK_1063	182	222	186	186	177	285	179	235	223	269	316	340	193	247	242	262	247	259	142	146	201	237
OtsAC10SFMK_1064	202	202	194	252	177	229	163	175	247	269	308	352	161	177	242	242	235	239	134	142	201	219
OtsAC10SFMK_1065	190	230	236	258	229	237	175	243	241	247	256	324	135	233	242	258	227	239	142	168	193	193
OtsAC10SFMK_1066	222	234	154	204	229	233	129	227	241	265	300	336	137	165	242	242	211	235	134	164	199	199
OtsAC10SFMK_1067	170	222	180	196	209	257	129	227	207	233	316	324	165	189	242	286	167	267	142	156	201	205
OtsAC10SFMK_1068	194	218	242	258	213	229	227	239	229	241	316	316	115	165	242	254	203	255	152	152	227	227
OtsAC10SFMK_1069	198	202	158	184	237	241	175	201	245	255	332	402	177	181	258	270	203	235	142	212	199	203
OtsAC10SFMK_1070	186	226	154	254	229	237	187	201	243	287	312	340	191	247	226	262	203	227	142	160	201	225
OtsAC10SFMK_1071	190	194	176	244	229	241	175	231	247	265	320	336	141	161	242	242	235	235	134	142	199	205
OtsAC10SFMK_1072	214	222	154	200	217	277	175	201	239	245	328	332	137	177	274	282	223	235	134	146	193	199
OtsAC10SFMK_1073	178	230	154	200	193	237	175	231	243	245	280	392	137	181	242	274	199	219	168	176	193	203
OtsAC10SFMK_1074	202	218	192	262	181	229	183	195	243	249	280	332	233	249	226	258	211	211	142	146	221	233
OtsAC10SFMK_1075	222	222	190	196	221	273	163	183	253	277	312	336	115	187	278	278	199	211	138	142	193	201
OtsAC10SFMK_1076	170	202	200	246	181	241	145	231	223	253	324	328	137	181	238	266	227	255	146	146	219	233
OtsAC10SFMK_1077	190	218	248	274	209	229	163	179	281	287	256	352	159	195	246	278	231	318	152	160	193	233
OtsAC10SFMK_1078	182	194	154	192	221	257	175	179	241	265	336	410	115	115	234	282	199	255	160	168	193	201
OtsAC10SFMK_1079	202	226	154	246	205	225	163	183	247	257	352	392	191	253	242	258	227	239	138	142	193	227
OtsAC10SFMK_1081	186	218	158	198	225	257	163	227	247	249	300	328	241	245	242	254	243	255	152	164	199	201
OtsAC10SFMK_1082	170	230	216	236	177	269	175	227	265	287	324	332	115	137	274	278	195	239	138	160	193	219
OtsAC10SFMK_1083	202	210	154	180	221	257	175	175	249	273	280	280	185	193	234	266	203	203	142	152	199	201
OtsAC10SFMK_1084	226	230	188	250	185	249	159	239	265	273	188	188	181	219	234	242	183	223	138	146	199	233
OtsAC10SFMK_1085	198	222	190	236	177	229	159	163	247	277	312	320	157	191	242	242	227	227	138	172	201	237
OtsAC10SFMK_1086	190	202	176	228	233	237	163	201	249	261	276	328	233	243	262	270	199	219	134	146	193	199
OtsAC10SFMK_1087	218	222	200	242	237	237	175	191	207	261	0	0	115	137	0	0	243	243	0	0	199	201
OtsAC10SFMK_1088	198	234	154	254	205	225	155	159	219	249	184	332	115	181	242	266	227	243	134	146	201	233
OtsAC10SFMK_1089	186	230	236	278	245	277	163	179	277	285	312	336	181	191	246	254	199	203	138	138	201	219
OtsAC10SFMK_1090	202	234	192	240	237	249	191	191	229	269	312	332	115	201	238	282	195	223	160	164	199	233
OtsAC10SFMK_1091	190	234	150	204	209	277	175	227	241	243	320	380	165	191	270	286	227	231	142	164	201	227
OtsAC10SFMK_1092	182	230	236	244	229	237	163	239	249	281	340	340	181	197	242	266	203	251	142	184	193	199
OtsAC10SFMK_1093	178	198	244	250	229	229	163	227	241	277	316	336	165	177	234	242	227	227	142	152	205	221
OtsAC10SFMK_1094	190	234	196	244	217	237	201	239	249	251	248	332	197	203	238	282	195	279	146	212	221	227
OtsAC10SFMK_1095	194	222	154	250	177	217	129	239	237	243	320	332	137	197	262	266	199	259	160	176	201	205
OtsAC10SFMK_1096	186	218	198	258	225	229	163	175	219	229	324	336	115	235	242	266	195	227	134	164	193	199
OtsAC10SFMK_1097	178	202	186	236	233	249	163	235	207	257	332	336	231	237	200	258	199	231	134	152	201	233
OtsAC10SFMK_1098	218	226	240	240	189	237	179	191	241	287	188	236	187	191	266	270	207	235	134	142	201	201
OtsAC10SFMK_1099	182	206	196	258	181	185	163	231	241	273	188	256	115	191	238	238	223	259	164	184	201	203
OtsAC10SFMK_1100	190	230	162	180	177	265	179	191	253	277	340	348	191	223	200	200	207	239	130	142	201	237
OtsAC10SFMK_1101	230	234	246	288	229	241	129	179	207	239	264	332	177	191	242	250	231	235	152	152	193	233
OtsAC10SFMK_1103	182	234	176	248	177	181	191	195	207	207	316	332	115	181	262	282	195	199	146	168	233	233
OtsAC10SFMK_1104	194	218	198	198	229	253	179	227	247	253	316	344	115	193	262	290	231	255	146	156	193	227
OtsAC10SFMK_1105	202	202	200	250	177	237	163	187	237	243	320	340	191	203	258	282	199	211	142	176	201	221
OtsAC10SFMK_1106	202	230	154	246	229	273	179	227	207	281	316	344	191	219	234	242	199	239	146	160	199	201
OtsAC10SFMK_1107	170	230	158	176	173	181	201	207	249	287	304	328	139	165	242	262	203	223	146	168	199	221
OtsAC10SFMK_1108	202	230	154	250	257	257	159	159	239	261	332	406	161	185	200	278	199	259	152	172	193	201
OtsAC10SFMK_1109	202	230	192	250	229	233	179	199	269	269	332	402	137	219	242	270	227	259	146	164	193	229
OtsAC10SFMK_1110	190	230	200	212	225	249	201	227	249	261	304	332	119	247	274	282	207	231	152	168	199	237
OtsAC10SFMK_1111	222	230	186	198	209	233	227	239	229	249	410	418	175	177	262	262	195	203	142	160	199	227
OtsAC10SFMK_1113	202	222	198	242	209	261	163	183	229	241	316	380	165	241	274	286	179	203	152	152	193	227
OtsAC10SFMK_1114	182	230	186	196	233	233	159	201	247	269	324	332	137	137	258	266	203	263	152	172	199	227
OtsAC10SFMK_1115	202	234	154	246	249	281	191	235	243	247	332	336	181	201	238	242	195	267	164	164	199	199
OtsAC10SFMK_1116	190	194	158	196	201	289	175	235	243	269	272	336	119	165	242	242	247	255	142	152	199	199
OtsAC10SFMK_1117	218	234	154	190	229	237	171	179	247	269	312	316	167	169	274	282	203	247	142	176	199	201
OtsAC10SFMK_1118	190	194	196	232	233	277	175	187	223	243	332	402	137	181	242	258	195	255	142	142	199	233
OtsAC10SFMK_1119	182	202	196	250	201	241	201	201	223	243	284	284	201	227	238	282	203	255	152	172	229	233
OtsAC10SFMK_1120	202	230	154	176	241	249	155	201	229	265	256	332	115	189	0	0	195	231	168	200	227	233
OtsAC10SFMK_1121	202	218	240	258	241	257	175	227	223	229	336	414	187	235	242	258	0	0	142	164	201	237
OtsAC10SFMK_1122	214	230	158	200	225	261	159	187	243	261	312	336	115	191	242	266	219	231	152	152	199	201
OtsAC10SFMK_1123	186	230	154	204	221	241	175	179	241	243	336	398	187	193	266	286	203	207	134	142	199	201
OtsAC10SFMK_1124	222	230	154	176	229	237	179	227	243	273	320	336	191	193	242	270	187	191	138	142	227	227
OtsAC10SFMK_1125	186	230	196	208	229	237	149	175	247	253	272	288	115	137	242	246	207	235	138	180	199	227
OtsAC10SFMK_1126	230	234	154	248	237	265	183	239	233	287	284	320	159	181	234	242	211	239	146	152	199	221
OtsAC10SFMK_1127	182	202	154	395	229	229	179	179	179	241	332	332	181	193	242	266	203	219	146	160	199	233
OtsAC10SFMK_1128	186	202	196	242	221	237	191	227	249	249	316	340	137	197	238	266	219	243	138	142	193	201
OtsAC10SFMK_1130	194	210	176	176	229	233	187	231	243	251	332	336	181	235	242	262	239	259	146	152	227	233
OtsAC10SFMK_1131	186	226	154	198	177	237	163	235	239	269	332	336	161	185	242	262	207	235	138	142	201	233
OtsAC10SFMK_1132	230	234	184	240	249	297	201	201	211	257	276	320	191	199	242	266	191	235	146	164	199	201
OtsAC10SFMK_1133	190	230	154	258	209	249	191	235	243	255	328	394	0	0	270	270	227	283	138	152	207	233
OtsAC10SFMK_1134	182	194	236	236	173	185	129	159	233	287	188	336	231	247	234	254	211	259	138	146	201	233
OtsAC10SFMK_1135	178	214	188	192	225	245	159	179	249	253	288	328	137	137	238	246	211	235	134	180	193	227
OtsAC10SFMK_1136	230	234	154	198	209	273	129	175	241	257	248	316	191	247	242	262	207	235	146	212	199	201
OtsAC10SFMK_1137	198	222	154	244	209	241	163	175	249	265	312	320	241	249	270	274	183	247	138	138	199	199
OtsAC10SFMK_1138	186	202	180	200	209	233	231	239	229	229	188	332	191	201	242	262	207	235	142	142	203	233
OtsAC10SFMK_1139	186	210	154	198	209	233	179	235	241	253	324	332	177	191	242	266	203	235	142	152	199	219
OtsAC10SFMK_1140	170	182	200	240	237	253	175	175	249	261	284	316	181	191	242	254	243	243	152	176	207	227
OtsAC10SFMK_1141	190	202	154	250	217	237	179	187	265	265	280	344	169	235	242	242	243	179	134	200	205	227
OtsAC10SFMK_1142	194	194	176	196	233	237	163	175	223	243	332	402	181	181	242	258	255	259	142	152	199	233
OtsAC10SFMK_1143	194	194	196	196	233	277	163	175	243	251	332	402	181	249	262	262	195	263	142	152	193	227
OtsAC10SFMK_1145	186	210	192	262	209	217	201	201	243	261	328	344	161	219	262	282	195	235	164	168	193	199
OtsAC10SFMK_1146	182	202	248	258	181	221	191	195	207	207	256	348	115	185	262	262	195	199	146	164	233	233
OtsAC10SFMK_1147	182	190	154	200	233	249	179	201	241	243	336	344	115	193	250	262	223	239	160	168	199	201
OtsAC10SFMK_1148	202	222	150	246	209	241	227	231	233	243	316	336	115	193	266	266	235	235	138	146	193	199
OtsAC10SFMK_1149	186	296	158	200	237	249	175	183	235	247	332	348	247	253	250	290	199	239	142	160	201	227
OtsAC10SFMK_1150	230	230	154	200	177	181	175	179	219	241	184	184	193	235	266	270	195	199	142	176	193	201
OtsAC10SFMK_1151	186	198	246	258	177	225	179	187	243	265	316	348	161	191	242	262	215	231	142	152	199	227
OtsAC10SFMK_1153	218	222	196	264	181	269	179	187	277	281	312	316	181	191	238	262	247	255	134	146	207	233
OtsAC10SFMK_1154	198	198	196	208	237	277	227	239	249	257	272	394	181	249	242	254	243	259	134	134	199	201
OtsAC10SFMK_1155	186	210	180	202	237	237	187	227	243	243	328	356	193	197	242	262	207	267	146	146	193	199
OtsAC10SFMK_1156	230	234	154	200	205	237	163	231	215	249	320	380	115	241	258	262	231	279	142	156	199	221
OtsAC10SFMK_1159	190	198	200	242	193	261	163	163	261	277	312	316	219	241	278	290	199	199	138	142	199	207
OtsAC10SFMK_1160	186	186	158	258	229	257	183	239	247	249	300	328	115	245	242	274	179	243	152	164	201	233
OtsAC10SFMK_1161	202	226	154	196	181	181	129	175	243	255	332	340	155	191	200	266	231	255	146	184	199	199
OtsAC10SFMK_1163	230	230	184	212	181	181	159	175	215	245	336	344	197	201	242	250	203	215	134	146	187	201
OtsAC10SFMK_1164	234	238	250	262	229	233	145	183	207	243	188	328	161	247	242	278	195	231	134	212	199	201
OtsAC10SFMK_1165	222	226	176	204	209	237	163	201	245	285	248	340	115	243	234	266	219	231	146	160	199	221
OtsAC10SFMK_1166	222	230	154	180	249	249	179	227	243	257	188	320	181	191	242	282	195	219	142	164	201	219
OtsAC10SFMK_1167	218	230	240	266	217	229	175	179	249	255	284	312	115	173	270	278	203	223	146	152	199	201
OtsAC10SFMK_1170	202	234	154	198	209	217	129	175	207	257	248	316	193	247	266	278	195	235	164	212	193	199
OtsAC10SFMK_1171	226	230	154	244	217	229	163	175	249	265	312	394	223	249	242	274	211	247	138	138	199	207
OtsAC10SFMK_1174	190	234	196	254	233	237	159	201	241	243	280	320	181	245	282	286	211	259	146	164	199	233
OtsAC10SFMK_1175	202	222	278	288	233	257	129	175	241	273	312	320	233	235	266	266	195	227	142	200	203	233
OtsAC10SFMK_1176	202	202	154	278	233	237	129	159	249	273	324	418	181	187	282	290	195	247	142	200	201	201
OtsAC10SFMK_1177	182	190	154	196	229	289	179	235	223	269	336	356	181	249	238	242	199	203	152	160	221	227
OtsAC10SFMK_1178	182	190	192	196	233	261	171	227	207	229	336	348	159	185	242	254	259	302	134	204	201	237
OtsAC10SFMK_1179	182	202	154	200	213	229	179	223	179	229	332	348	191	195	238	278	183	203	142	146	199	221
OtsAC10SFMK_1180	234	234	196	288	237	237	175	201	243	281	280	284	187	191	238	242	195	255	134	152	193	201
OtsAC10SFMK_1183	186	222	186	244	217	229	175	191	255	269	296	394	197	249	242	278	183	183	134	138	207	233
OtsAC10SFMK_1185	222	288	198	244	241	265	201	231	207	243	336	336	181	193	234	282	207	207	134	200	199	201
OtsAC10SFMK_1187	170	182	236	246	233	241	129	231	243	261	276	320	185	219	238	262	203	227	142	164	199	201
OtsAC10SFMK_1188	222	230	150	180	237	253	179	223	255	265	320	332	235	249	242	274	259	259	164	168	199	219
OtsAC10SFMK_1189	190	234	186	238	209	257	129	201	207	243	256	328	161	165	262	278	199	215	156	168	203	233
OtsAC10SFMK_1190	226	238	242	310	181	193	163	187	223	261	272	348	181	241	270	282	207	243	168	212	219	221
OtsAC10SFMK_1191	198	202	154	196	229	281	129	235	255	265	336	394	161	209	258	266	231	270	146	168	199	199
OtsAC10SFMK_1192	198	222	154	208	205	217	201	231	243	249	352	406	161	185	200	282	203	267	146	164	199	201
OtsAC10SFMK_1193	170	198	200	200	205	233	201	231	219	281	308	332	137	191	242	290	255	259	138	152	207	227
OtsAC10SFMK_1194	202	230	196	242	181	233	201	235	247	269	240	332	137	237	270	278	199	203	146	172	199	227
OtsAC10SFMK_1195	182	214	154	196	217	237	163	201	243	255	316	336	115	191	238	270	199	203	138	164	203	233
OtsAC10SFMK_1196	218	222	192	200	229	281	163	191	239	281	356	406	165	191	258	270	203	203	168	172	199	227
OtsAC10SFMK_1197	214	226	200	314	237	265	155	191	243	247	344	348	157	203	242	258	207	235	146	152	233	237
OtsAC10SFMK_1199	234	238	180	254	209	229	175	227	249	265	272	328	241	247	238	278	227	231	142	152	199	237
OtsAC10SFMK_1200	202	230	196	230	213	237	141	187	223	249	276	312	137	193	242	298	195	243	168	172	201	201
OtsAC10SFMK_1201	186	194	196	240	177	229	155	191	233	241	188	308	177	181	242	250	203	223	142	168	199	237
OtsAC10SFMK_1202	190	226	154	196	241	277	195	235	247	249	328	344	161	181	270	270	231	239	142	152	201	227
OtsAC10SFMK_1203	194	222	180	248	213	229	155	175	233	241	244	280	119	201	262	274	199	239	160	168	201	221
OtsAC10SFMK_1204	186	202	154	196	181	237	201	235	243	247	328	332	161	229	242	266	231	231	138	146	199	199
OtsAC10SFMK_1205	202	226	198	232	225	229	171	201	233	245	316	328	159	247	242	258	195	247	142	146	227	227
OtsAC10SFMK_1206	194	218	192	200	181	233	187	231	243	265	312	406	189	197	262	266	219	259	168	180	193	237
OtsAC10SFMK_1207	190	202	246	258	177	177	149	201	253	277	188	316	115	191	242	266	255	259	152	164	193	205
OtsAC10SFMK_1209	194	226	154	200	181	261	175	231	233	239	188	316	197	257	234	258	195	219	138	142	199	201
OtsAC10SFMK_1210	186	226	196	216	229	281	179	187	243	269	188	328	193	197	242	262	243	247	142	176	201	201
OtsAC10SFMK_1211	194	206	154	250	233	261	163	235	233	235	240	272	119	195	254	270	207	263	164	168	201	227
OtsAC10SFMK_1212	230	230	186	236	177	233	155	201	247	253	240	340	195	197	258	270	203	231	130	152	201	205
OtsAC10SFMK_1214	218	230	150	154	177	277	129	187	261	285	276	308	191	193	262	278	207	255	146	152	201	201
OtsAC10SFMK_1215	186	190	150	352	237	257	187	231	241	253	324	402	185	197	238	266	183	267	146	212	227	233
OtsAC10SFMK_1216	210	230	246	254	213	237	141	175	241	243	316	332	115	193	274	298	195	259	152	168	227	233
OtsAC10SFMK_1217	218	230	190	232	233	265	163	175	211	277	300	328	161	215	238	246	195	219	138	168	219	233
OtsAC10SFMK_1222	198	222	158	240	237	257	155	183	253	255	188	316	115	191	258	262	247	305	138	168	201	233
OtsAC10SFMK_1223	198	218	150	192	177	229	175	195	211	273	316	320	119	191	242	270	195	227	142	200	219	233
OtsAC10SFMK_1224	218	226	176	212	217	241	227	235	211	265	288	352	175	191	238	266	199	247	146	152	199	227
OtsAC10SFMK_1226	194	210	180	254	237	273	175	223	243	269	236	316	197	197	200	238	219	267	146	164	221	237
OtsAC10SFMK_1227	194	202	158	288	229	257	163	175	241	241	300	312	137	249	242	266	247	247	168	168	207	237
OtsAC10SFMK_1228	222	230	150	184	209	209	175	235	249	273	188	328	193	197	250	262	305	318	164	164	201	201
OtsAC10SFMK_1237	182	222	154	242	209	261	171	227	253	287	316	344	161	257	242	258	203	207	138	168	199	237
OtsAC10SFMK_1238	222	222	180	198	197	209	163	175	253	261	348	388	185	195	254	258	231	239	138	146	201	201
OtsAC10SFMK_1241	222	226	154	196	173	257	141	175	207	223	312	336	185	249	254	286	231	259	138	138	201	233
OtsAC10SFMK_1242	226	230	154	196	185	261	163	191	243	285	316	320	161	191	234	266	227	247	142	142	201	201
OtsAC10SFMK_1243	198	222	196	204	213	233	183	231	239	281	280	308	115	177	258	270	235	247	134	152	199	205
OtsAC10SFMK_1244	194	222	196	302	233	253	179	191	241	243	328	344	155	181	258	258	227	239	160	164	201	237
OtsAC10SFMK_1245	230	234	154	262	217	241	179	179	255	265	284	316	115	137	274	278	227	255	164	168	199	233
OtsAC10SFMK_1246	170	206	158	196	241	261	175	179	223	261	320	402	115	115	234	238	199	203	134	146	0	0
OtsAC10SFMK_1247	170	190	154	244	229	233	191	201	249	281	264	300	187	233	270	290	187	235	142	164	199	199
OtsAC10SFMK_1248	190	222	190	196	237	257	171	179	243	273	336	406	161	173	270	270	195	243	172	204	201	237
OtsAC10SFMK_1250	186	222	186	244	217	229	191	231	265	269	296	394	193	205	270	278	183	227	134	138	199	233
OtsAC10SFMK_1251	186	226	200	262	217	237	191	191	269	281	188	328	227	235	224	242	243	279	138	212	199	219
OtsAC10SFMK_1252	186	222	198	288	241	257	171	175	223	241	188	336	187	235	242	246	199	227	142	142	219	237
OtsAC10SFMK_1253	222	222	154	240	237	265	201	231	243	273	332	336	181	191	266	266	199	239	164	200	227	233
OtsAC10SFMK_1254	186	210	196	244	229	229	159	159	171	239	248	280	169	191	262	282	195	255	152	152	199	199
OtsAC10SFMK_1255	182	218	154	208	177	201	179	235	229	249	184	320	181	191	258	278	191	243	160	184	203	233
OtsAC10SFMK_1256	226	230	198	242	249	249	207	227	207	249	328	348	115	165	242	286	195	231	138	168	193	201
OtsAC10SFMK_1258	226	230	250	254	213	241	171	183	247	261	320	324	137	165	238	262	191	231	164	176	199	237
