OtsAC14SFMK_0001	198	202	192	198	261	261	175	231	243	261	316	344	191	201	262	278	195	239	146	160	199	203
OtsAC14SFMK_0002	234	234	176	258	221	265	175	201	211	233	252	328	195	201	242	262	227	259	134	142	203	221
OtsAC14SFMK_0003	190	222	216	238	241	261	163	175	241	243	312	320	201	233	262	278	199	211	152	164	199	203
OtsAC14SFMK_0004	222	230	150	244	225	281	201	239	215	243	328	336	181	191	266	266	203	231	168	200	201	201
OtsAC14SFMK_0005	194	234	154	240	225	237	175	187	243	243	332	336	135	237	266	274	207	231	130	156	201	221
OtsAC14SFMK_0006	222	230	154	258	237	253	175	231	239	245	284	402	161	231	220	262	243	263	164	172	201	221
OtsAC14SFMK_0007	190	202	150	204	217	277	159	183	233	269	188	340	181	187	242	254	199	255	138	164	219	233
OtsAC14SFMK_0008	186	202	158	240	229	229	159	231	211	287	340	340	135	137	266	290	243	255	152	204	199	201
OtsAC14SFMK_0009	194	222	198	254	181	245	175	175	261	261	328	348	141	185	242	254	215	227	152	164	201	221
OtsAC14SFMK_0010	214	226	246	258	177	257	201	227	223	249	184	320	115	119	200	242	199	227	134	160	193	233
OtsAC14SFMK_0011	186	222	192	250	209	241	179	227	269	287	184	328	161	199	262	262	195	267	142	146	221	233
OtsAC14SFMK_0012	190	230	180	204	245	257	191	207	245	251	336	344	197	257	270	278	227	227	142	164	199	201
OtsAC14SFMK_0013	214	218	212	294	237	249	179	187	239	249	340	398	181	189	270	278	199	219	152	160	201	233
OtsAC14SFMK_0014	226	230	176	248	229	233	183	201	243	287	340	352	115	165	200	246	195	203	142	146	201	233
OtsAC14SFMK_0015	186	226	154	176	229	241	175	175	229	243	336	340	115	235	254	274	183	219	138	142	221	221
OtsAC14SFMK_0016	186	218	154	238	237	261	163	179	171	281	316	344	189	249	234	286	183	247	138	152	199	201
OtsAC14SFMK_0017	234	234	154	176	257	265	175	175	241	243	188	402	181	191	254	274	243	259	134	160	199	199
OtsAC14SFMK_0018	202	226	186	192	209	249	163	179	207	239	256	336	231	235	258	262	199	235	146	152	201	233
OtsAC14SFMK_0019	186	190	162	244	225	229	129	239	243	249	188	312	181	197	242	266	207	235	142	168	201	207
OtsAC14SFMK_0020	222	222	158	258	241	249	163	183	237	255	320	394	161	195	254	258	227	247	138	164	199	201
OtsAC14SFMK_0021	170	214	184	196	237	277	175	201	223	243	332	402	207	219	266	270	199	207	164	168	199	233
OtsAC14SFMK_0022	194	230	196	212	181	229	175	191	215	233	188	336	177	197	242	250	203	203	134	168	199	201
OtsAC14SFMK_0023	194	230	244	294	209	229	163	175	253	273	252	332	115	115	258	270	231	235	134	164	205	233
OtsAC14SFMK_0024	222	230	154	254	225	253	129	231	241	269	252	402	137	195	266	278	227	263	142	142	205	207
OtsAC14SFMK_0025	222	230	176	198	241	277	231	231	261	269	316	324	201	201	234	238	243	255	134	160	199	199
OtsAC14SFMK_0026	186	218	154	224	237	257	179	239	171	249	316	328	115	141	234	258	247	255	142	152	199	237
OtsAC14SFMK_0027	202	210	180	254	185	277	183	207	223	261	272	380	185	227	234	242	227	231	142	156	199	201
OtsAC14SFMK_0028	218	222	212	244	237	249	163	179	249	249	320	356	175	193	266	290	219	247	152	152	199	233
OtsAC14SFMK_0029	186	230	212	240	177	181	159	191	215	233	188	344	181	201	242	250	203	223	142	146	187	199
OtsAC14SFMK_0030	202	226	154	176	209	225	159	231	257	285	320	380	161	161	234	266	191	195	138	164	201	233
OtsAC14SFMK_0031	218	238	186	190	229	237	171	187	247	249	236	316	167	191	262	282	203	243	160	176	201	237
OtsAC14SFMK_0032	202	234	180	216	181	237	163	171	219	233	236	320	115	187	270	290	243	263	152	176	199	203
OtsAC14SFMK_0033	226	230	198	388	209	249	175	231	233	243	308	348	185	189	242	278	183	235	138	142	219	233
OtsAC14SFMK_0034	226	230	196	246	257	277	159	227	249	269	184	280	137	191	200	258	195	231	134	138	193	201
OtsAC14SFMK_0035	170	230	154	238	225	237	183	235	171	273	188	312	161	231	262	274	199	227	168	204	219	233
OtsAC14SFMK_0036	230	230	154	196	181	249	159	175	207	253	332	332	141	191	238	242	207	227	138	146	201	237
OtsAC14SFMK_0037	182	230	196	216	237	261	159	175	207	285	316	352	161	197	192	250	195	269	146	164	201	227
OtsAC14SFMK_0038	182	194	154	154	209	257	175	235	269	273	324	402	181	235	200	242	219	255	138	204	199	219
OtsAC14SFMK_0039	182	234	150	244	225	241	175	183	249	277	236	344	115	161	242	274	231	239	138	142	221	233
OtsAC14SFMK_0040	222	222	158	196	237	241	175	179	243	257	336	344	191	249	242	242	195	231	142	184	201	205
OtsAC14SFMK_0041	170	202	154	198	181	205	179	187	243	243	280	336	203	245	270	282	207	231	138	164	199	237
OtsAC14SFMK_0042	198	222	154	198	221	253	129	163	249	261	336	348	181	185	234	258	227	239	138	152	201	201
OtsAC14SFMK_0043	194	222	154	158	213	261	175	179	243	249	280	280	161	185	242	242	195	231	164	184	199	207
OtsAC14SFMK_0044	198	226	216	240	229	233	175	239	245	249	320	336	115	193	234	286	199	199	142	146	199	227
OtsAC14SFMK_0045	186	222	196	250	177	245	129	159	223	261	328	332	141	193	234	234	231	305	142	168	201	237
OtsAC14SFMK_0046	186	202	176	250	209	209	129	179	223	273	316	344	189	191	270	274	199	199	146	164	201	205
OtsAC14SFMK_0047	170	202	154	260	217	269	183	235	247	249	316	316	203	243	282	282	255	263	152	220	219	233
OtsAC14SFMK_0048	186	234	250	262	257	265	175	227	269	269	184	328	181	233	262	266	195	255	142	146	193	233
OtsAC14SFMK_0049	198	230	154	180	253	277	231	239	171	249	284	348	119	191	200	266	251	259	146	164	227	233
OtsAC14SFMK_0050	218	222	154	246	185	245	159	191	247	261	312	324	247	257	250	270	203	227	138	200	201	201
OtsAC14SFMK_0051	230	234	242	246	209	229	159	187	223	261	312	320	115	235	250	274	191	255	142	200	201	201
OtsAC14SFMK_0052	202	206	154	240	213	241	201	231	223	241	268	398	177	235	234	262	191	255	168	180	193	201
OtsAC14SFMK_0053	182	198	238	278	233	277	159	175	257	261	280	284	217	227	238	274	187	187	164	164	227	233
OtsAC14SFMK_0054	214	222	200	254	181	249	179	187	233	261	188	320	115	201	258	278	235	239	138	164	199	233
OtsAC14SFMK_0055	182	198	176	208	193	237	201	227	239	249	394	394	233	249	242	262	195	243	134	212	199	199
OtsAC14SFMK_0056	202	218	154	198	229	281	163	175	249	273	340	344	177	197	266	266	223	247	142	146	199	221
OtsAC14SFMK_0058	182	234	196	244	229	277	201	239	233	273	272	328	187	197	246	270	199	239	160	164	193	233
OtsAC14SFMK_0059	202	230	248	278	173	209	191	231	241	269	312	348	181	191	238	266	199	247	146	164	199	201
OtsAC14SFMK_0060	186	190	162	274	229	237	187	239	243	249	188	312	161	181	266	290	207	247	142	142	201	201
OtsAC14SFMK_0061	202	230	150	176	209	253	129	231	233	245	328	332	181	209	220	274	235	255	134	164	193	219
OtsAC14SFMK_0062	202	218	196	200	249	249	159	175	239	245	332	392	185	191	250	262	211	269	142	142	207	237
OtsAC14SFMK_0063	202	222	154	154	233	237	163	235	223	249	332	332	119	193	274	282	183	235	142	172	201	219
OtsAC14SFMK_0065	198	234	196	240	233	281	175	175	243	285	268	316	205	247	242	282	183	195	142	146	199	233
OtsAC14SFMK_0066	218	230	196	392	225	237	175	187	253	257	272	328	137	201	242	270	235	247	138	164	199	227
OtsAC14SFMK_0067	198	222	200	244	237	245	187	239	243	261	252	320	115	261	242	242	223	255	134	142	193	233
OtsAC14SFMK_0068	186	202	180	198	177	257	159	201	243	253	312	332	161	189	254	278	211	231	134	172	201	219
OtsAC14SFMK_0069	198	234	154	162	237	297	175	219	249	269	188	292	177	181	200	254	255	267	142	160	193	199
OtsAC14SFMK_0070	186	202	196	392	229	237	141	155	233	249	188	276	137	181	242	250	223	243	142	172	199	201
OtsAC14SFMK_0071	198	234	216	246	233	237	175	195	255	261	284	328	161	195	220	286	231	255	152	160	221	233
OtsAC14SFMK_0072	218	230	154	196	229	245	201	231	219	269	296	376	115	193	200	278	195	235	152	152	233	237
OtsAC14SFMK_0073	198	202	154	154	237	237	175	201	249	273	312	320	115	187	242	290	195	243	160	168	233	233
OtsAC14SFMK_0074	202	230	200	238	241	257	159	191	219	265	328	332	115	191	262	290	207	269	142	164	207	221
OtsAC14SFMK_0075	198	234	192	244	209	261	175	227	243	257	320	324	197	227	254	270	195	243	142	200	199	211
OtsAC14SFMK_0076	202	218	158	244	225	233	155	171	249	253	284	316	161	191	258	274	195	247	138	164	193	199
OtsAC14SFMK_0077	190	230	200	258	249	261	179	235	229	265	328	332	189	205	270	286	263	283	146	152	201	233
OtsAC14SFMK_0078	230	230	212	242	177	237	179	235	235	249	332	356	177	231	250	286	199	243	142	156	201	233
OtsAC14SFMK_0079	202	226	176	200	237	285	163	175	253	285	248	280	231	243	266	282	219	239	146	212	221	233
OtsAC14SFMK_0080	186	226	154	196	237	245	183	227	233	259	272	276	183	201	270	270	179	191	138	138	201	203
OtsAC14SFMK_0081	194	222	192	196	221	261	179	179	241	269	348	410	115	191	234	242	203	255	140	168	183	193
OtsAC14SFMK_0082	186	210	244	258	217	257	187	231	243	255	332	356	161	235	262	282	207	243	146	152	199	199
OtsAC14SFMK_0083	202	234	236	244	209	261	175	227	249	253	304	332	115	115	242	258	215	247	142	152	203	233
OtsAC14SFMK_0084	222	234	198	240	205	237	175	199	243	265	188	344	115	165	238	242	195	247	134	164	201	219
OtsAC14SFMK_0085	186	190	154	232	241	241	175	183	265	269	276	336	135	187	254	262	191	243	138	142	193	219
OtsAC14SFMK_0086	182	190	154	180	225	233	187	239	269	277	308	332	201	219	266	282	227	231	146	168	219	233
OtsAC14SFMK_0087	190	234	158	196	209	257	159	175	171	243	332	352	141	177	238	238	199	235	134	142	199	199
OtsAC14SFMK_0088	190	230	284	388	209	277	179	201	243	273	320	332	187	197	200	246	207	231	164	164	201	227
OtsAC14SFMK_0089	214	222	154	200	177	197	129	179	243	249	188	332	197	201	266	266	199	263	134	160	199	201
OtsAC14SFMK_0090	198	226	208	278	217	289	163	183	247	249	320	336	137	161	242	278	183	243	138	152	193	233
OtsAC14SFMK_0091	234	234	154	200	181	277	159	179	249	249	320	332	187	219	262	290	243	263	138	142	207	233
OtsAC14SFMK_0092	222	230	250	258	221	249	163	175	253	269	332	332	119	193	242	274	267	267	164	168	199	205
OtsAC14SFMK_0094	202	218	200	254	217	241	175	231	239	245	248	406	185	191	250	262	211	269	134	142	207	237
OtsAC14SFMK_0095	218	230	180	246	185	237	159	191	247	261	312	324	115	257	262	270	203	235	164	200	201	237
OtsAC14SFMK_0096	170	234	192	260	217	269	175	179	223	247	316	316	119	191	238	282	255	263	152	220	199	237
OtsAC14SFMK_0097	186	234	180	180	181	297	175	187	241	247	188	340	193	235	242	258	195	259	138	164	193	219
OtsAC14SFMK_0098	202	226	154	240	185	297	175	201	223	285	320	380	135	161	234	266	191	195	138	164	201	233
OtsAC14SFMK_0099	226	230	200	212	209	217	159	179	207	257	320	344	115	247	226	246	199	239	146	164	199	227
OtsAC14SFMK_0100	194	226	154	196	217	233	129	175	239	243	332	348	187	197	242	262	199	259	142	160	205	207
OtsAC14SFMK_0101	226	230	188	262	209	257	179	187	251	269	184	328	181	199	262	266	235	255	146	160	203	237
OtsAC14SFMK_0102	182	190	154	154	237	257	179	201	249	253	316	320	161	189	258	274	231	239	146	168	199	205
OtsAC14SFMK_0103	198	202	250	260	177	185	163	227	243	243	316	320	203	253	246	258	199	243	176	184	221	227
OtsAC14SFMK_0104	202	238	180	192	201	209	129	227	269	285	268	316	165	241	270	282	195	219	134	168	193	237
OtsAC14SFMK_0105	186	234	158	240	241	241	179	201	249	281	256	316	141	165	258	270	227	243	146	164	193	233
OtsAC14SFMK_0106	182	190	236	250	205	229	159	175	233	239	352	398	115	181	266	278	207	259	134	146	193	201
OtsAC14SFMK_0107	170	186	196	240	205	277	175	175	243	247	316	328	141	205	242	270	239	309	134	168	219	233
OtsAC14SFMK_0108	190	222	200	204	229	237	163	175	253	285	332	340	115	231	234	242	231	239	160	160	221	233
OtsAC14SFMK_0109	214	222	154	192	241	249	175	175	243	269	188	340	185	245	250	258	219	313	134	168	193	199
OtsAC14SFMK_0110	178	222	176	310	201	257	155	195	245	277	244	268	137	159	234	278	235	255	142	168	201	201
OtsAC14SFMK_0111	186	198	244	252	209	249	175	227	265	269	320	392	191	241	242	274	183	227	138	160	199	201
OtsAC14SFMK_0112	194	218	154	294	161	209	179	187	249	257	280	328	191	247	242	274	203	227	138	168	237	237
OtsAC14SFMK_0113	166	182	154	198	237	237	163	227	223	269	328	328	181	195	230	242	195	207	152	160	199	205
OtsAC14SFMK_0114	198	222	184	192	225	241	175	223	255	255	332	352	137	177	238	258	203	255	138	212	199	201
OtsAC14SFMK_0115	194	230	196	244	185	277	159	183	223	261	284	312	115	249	200	262	255	255	146	200	203	221
OtsAC14SFMK_0116	222	234	196	204	205	241	183	235	245	265	316	320	115	119	242	242	195	247	138	160	203	227
OtsAC14SFMK_0117	202	222	154	242	237	249	175	227	249	265	316	328	115	115	242	242	231	243	134	168	193	199
OtsAC14SFMK_0119	186	234	216	216	177	241	159	179	223	249	188	336	141	191	258	286	227	247	146	168	201	227
OtsAC14SFMK_0121	202	218	154	196	229	233	163	179	249	281	344	348	115	193	242	266	195	247	164	168	201	221
OtsAC14SFMK_0122	194	238	154	176	229	241	187	227	229	269	292	348	191	219	278	286	239	259	142	164	201	221
OtsAC14SFMK_0123	198	202	154	180	181	237	175	207	223	247	284	316	187	227	242	270	203	235	142	164	199	199
OtsAC14SFMK_0125	186	194	258	288	237	241	159	175	207	257	276	316	193	235	200	278	243	243	134	164	219	237
OtsAC14SFMK_0126	218	234	154	180	181	229	175	231	247	277	320	336	137	227	242	254	179	199	134	142	193	227
OtsAC14SFMK_0127	198	202	200	288	213	261	179	179	265	269	300	320	137	203	200	242	219	247	160	172	201	227
OtsAC14SFMK_0128	190	218	196	208	177	237	171	235	229	273	320	336	161	191	270	278	191	243	172	180	203	237
OtsAC14SFMK_0129	194	194	192	196	177	237	163	207	223	255	332	352	137	181	238	242	243	255	152	152	199	201
OtsAC14SFMK_0130	198	222	154	180	233	237	187	191	261	269	236	406	185	241	238	238	195	313	142	156	205	233
OtsAC14SFMK_0131	214	222	200	232	229	233	163	179	229	261	188	418	119	191	242	286	207	263	134	242	233	233
OtsAC14SFMK_0132	222	238	192	250	237	241	179	235	243	269	320	332	185	219	220	234	195	203	138	184	227	237
OtsAC14SFMK_0133	222	288	240	246	217	237	191	227	229	239	336	336	115	187	242	242	199	207	164	200	201	205
OtsAC14SFMK_0134	198	234	242	250	185	237	175	223	243	281	316	380	187	253	238	246	243	279	142	184	199	227
OtsAC14SFMK_0135	186	186	192	236	229	253	171	239	219	241	236	340	161	241	220	270	207	243	164	176	199	203
OtsAC14SFMK_0136	186	214	200	216	177	285	175	187	281	285	344	360	191	241	266	282	203	235	138	164	205	227
OtsAC14SFMK_0137	198	198	180	240	217	269	163	195	239	253	336	360	191	191	242	242	211	235	168	172	201	237
OtsAC14SFMK_0138	226	234	186	198	213	245	163	201	239	255	308	316	185	203	254	274	195	239	152	168	193	201
OtsAC14SFMK_0139	174	214	190	194	177	257	183	201	243	269	272	328	155	181	242	258	223	259	138	164	201	207
OtsAC14SFMK_0140	202	222	198	200	177	237	201	235	207	245	328	344	203	247	200	220	187	191	146	156	193	207
OtsAC14SFMK_0141	202	230	154	258	197	249	163	231	223	249	272	312	119	201	242	258	207	263	146	152	227	233
OtsAC14SFMK_0142	170	190	196	310	193	261	179	239	207	239	332	340	115	165	242	258	199	219	152	176	201	233
OtsAC14SFMK_0143	190	198	198	242	225	229	155	183	243	245	188	328	115	135	242	290	183	247	142	152	219	229
OtsAC14SFMK_0144	198	234	150	288	237	261	199	223	269	269	188	324	115	249	242	278	219	259	152	152	219	233
OtsAC14SFMK_0145	182	230	154	200	245	249	175	223	199	243	284	312	115	195	242	270	227	247	146	146	201	229
OtsAC14SFMK_0146	218	230	246	248	185	209	159	175	247	265	320	328	247	249	262	266	235	255	156	172	199	201
OtsAC14SFMK_0147	186	226	204	250	229	237	183	187	257	261	328	340	115	235	258	290	199	243	152	164	219	237
OtsAC14SFMK_0148	230	230	196	278	245	257	179	183	223	277	284	312	191	249	200	246	203	255	138	146	201	219
OtsAC14SFMK_0149	226	230	188	204	261	281	179	183	247	269	296	320	187	235	234	266	183	235	134	142	193	199
OtsAC14SFMK_0150	170	218	154	186	237	277	171	187	247	249	236	312	167	191	242	274	203	207	134	142	201	233
OtsAC14SFMK_0151	182	190	238	244	229	261	175	239	219	229	332	332	115	247	242	258	207	211	130	200	199	233
OtsAC14SFMK_0152	186	190	192	248	233	237	201	239	243	245	188	252	115	191	200	266	207	247	142	212	193	201
OtsAC14SFMK_0153	230	230	154	236	241	253	159	191	243	265	316	336	161	193	242	282	211	279	142	152	199	219
OtsAC14SFMK_0154	230	238	154	244	189	217	145	155	261	281	184	332	191	255	242	258	195	235	164	184	199	201
OtsAC14SFMK_0155	202	226	200	240	225	257	155	201	235	241	320	336	115	191	250	250	195	235	146	168	201	205
OtsAC14SFMK_0156	222	230	154	196	225	245	175	231	241	261	328	336	185	201	226	266	231	231	138	138	199	203
OtsAC14SFMK_0157	186	226	204	250	249	257	227	239	233	249	272	296	115	183	242	274	191	195	146	168	193	205
OtsAC14SFMK_0158	190	218	180	240	165	209	187	227	253	257	320	324	191	207	238	250	247	267	138	142	199	201
OtsAC14SFMK_0159	170	186	186	196	245	257	179	201	261	265	296	336	181	191	234	266	227	255	146	184	199	233
OtsAC14SFMK_0160	182	218	154	250	241	261	163	201	211	233	268	312	191	197	242	258	195	199	146	164	199	207
OtsAC14SFMK_0161	198	222	202	246	213	257	231	239	243	277	320	336	181	193	242	242	195	267	152	172	201	207
OtsAC14SFMK_0163	182	230	232	244	273	281	175	183	243	243	184	328	165	197	242	254	195	259	138	142	199	237
OtsAC14SFMK_0164	190	198	196	246	193	237	201	207	249	251	320	324	141	269	238	242	199	247	142	164	199	227
OtsAC14SFMK_0166	198	230	236	240	209	225	155	179	207	239	264	280	177	227	266	266	203	203	152	152	199	201
OtsAC14SFMK_0171	226	230	158	198	229	249	183	207	243	249	284	332	115	191	234	290	207	255	142	152	193	199
OtsAC14SFMK_0172	206	222	154	200	229	249	183	235	207	243	272	296	181	181	234	258	231	235	138	146	201	221
OtsAC14SFMK_0174	186	218	198	200	237	257	159	179	257	277	236	348	137	223	238	270	227	259	142	146	201	229
OtsAC14SFMK_0176	218	222	154	254	229	237	191	227	253	273	280	402	193	253	242	246	223	255	164	180	201	219
OtsAC14SFMK_0177	182	222	198	200	229	253	175	175	239	265	348	406	189	233	234	234	203	239	152	168	193	201
OtsAC14SFMK_0179	170	186	154	154	181	229	175	207	243	261	312	348	115	207	234	242	183	259	152	156	201	233
OtsAC14SFMK_0180	198	202	184	198	213	277	195	231	233	285	272	308	133	141	220	254	235	239	138	156	193	201
OtsAC14SFMK_0181	210	210	154	196	177	241	155	175	223	243	264	320	193	197	238	242	207	247	142	160	193	199
OtsAC14SFMK_0182	230	234	184	192	229	261	159	187	243	273	332	410	193	249	234	290	239	267	146	164	193	233
OtsAC14SFMK_0183	198	230	196	196	205	253	207	239	207	273	312	316	115	205	234	290	199	267	134	164	205	221
OtsAC14SFMK_0186	230	234	196	254	177	253	175	179	243	245	276	284	205	245	258	290	195	263	138	172	193	227
OtsAC14SFMK_0187	222	222	154	196	181	237	145	175	247	285	316	316	191	227	242	242	243	247	134	160	199	205
OtsAC14SFMK_0188	226	226	154	188	0	0	0	0	239	269	244	320	161	199	0	0	0	0	152	152	199	233
OtsAC14SFMK_0189	190	202	198	258	213	217	163	227	265	265	336	398	197	203	250	254	199	239	142	164	233	237
OtsAC14SFMK_0193	230	230	198	256	177	265	179	195	249	249	284	332	115	191	254	266	227	231	152	164	199	233
OtsAC14SFMK_0194	222	222	200	258	209	253	155	235	233	243	328	336	195	203	238	270	183	235	138	172	199	205
OtsAC14SFMK_0195	170	218	216	242	233	237	175	231	223	241	300	414	183	199	230	258	195	243	138	142	199	219
OtsAC14SFMK_0196	190	194	158	186	237	237	191	201	229	241	280	336	115	181	266	278	191	239	142	142	205	233
OtsAC14SFMK_0197	222	222	154	216	181	229	179	231	249	265	316	344	163	181	242	278	199	231	142	164	199	199
OtsAC14SFMK_0201	186	202	196	244	233	281	155	191	171	265	316	328	187	187	242	274	247	255	160	164	199	201
OtsAC14SFMK_0203	198	226	198	254	197	229	179	235	179	207	280	328	175	233	242	266	219	227	146	160	227	233
OtsAC14SFMK_0204	226	226	154	196	229	285	175	179	277	281	316	340	197	247	242	242	183	219	146	212	193	201
OtsAC14SFMK_0205	202	222	158	254	233	261	159	187	233	237	316	422	161	193	242	254	199	243	152	164	221	233
OtsAC14SFMK_0206	194	234	154	250	181	289	179	227	223	287	312	336	161	193	242	258	203	255	146	164	199	199
OtsAC14SFMK_0208	194	202	176	184	229	237	163	231	211	261	188	324	189	191	282	286	211	227	146	164	237	237
OtsAC14SFMK_0209	170	230	198	254	225	241	175	239	247	269	328	376	185	187	238	242	203	267	152	152	219	221
OtsAC14SFMK_0210	194	222	176	184	241	241	159	223	241	243	312	414	193	235	270	282	219	227	146	164	193	199
OtsAC14SFMK_0211	230	230	200	244	177	265	159	195	249	281	240	284	115	161	242	258	203	231	146	152	199	207
OtsAC14SFMK_0212	186	222	154	252	209	249	163	201	249	249	316	320	191	241	242	274	227	247	138	160	199	221
OtsAC14SFMK_0213	222	226	242	254	217	229	163	175	261	277	188	284	227	245	238	258	195	227	152	204	199	201
OtsAC14SFMK_0214	186	198	302	318	209	233	187	227	239	245	280	308	177	191	224	262	227	243	152	152	233	237
OtsAC14SFMK_0215	182	222	196	198	209	229	179	191	249	249	188	340	197	235	242	278	243	305	146	152	193	201
OtsAC14SFMK_0216	230	230	200	254	209	241	149	235	207	249	324	348	115	219	242	282	203	279	134	164	199	219
OtsAC14SFMK_3006	190	234	150	154	233	245	159	175	265	277	340	406	115	181	238	266	255	269	160	176	203	219
OtsAC14SFMK_3007	170	190	154	158	209	293	183	235	247	273	324	332	155	161	220	278	203	239	138	204	199	201
OtsAC14SFMK_3008	214	222	242	242	249	293	175	175	247	261	284	328	115	181	238	262	235	279	146	164	199	199
OtsAC14SFMK_3009	182	202	196	250	229	249	159	175	241	261	304	352	115	233	266	270	203	219	146	164	199	205
OtsAC14SFMK_3015	190	222	158	250	281	289	175	201	207	269	312	320	165	197	242	270	195	235	160	184	199	237
OtsAC14SFMK_3016	182	222	200	278	257	289	163	239	239	247	324	336	137	191	242	278	199	239	138	152	193	201
OtsAC14SFMK_3018	198	230	154	212	229	237	175	201	207	219	188	324	161	221	200	246	227	239	142	152	193	233
OtsAC14SFMK_3021	186	230	186	310	177	253	183	239	261	269	316	360	115	203	258	270	199	235	138	212	221	233
OtsAC14SFMK_3024	202	210	154	188	217	253	187	231	239	241	244	332	191	197	258	262	183	195	152	156	199	199
OtsAC14SFMK_3027	182	198	154	204	225	281	159	183	243	253	328	328	181	233	246	306	0	0	146	164	201	201
OtsAC14SFMK_3028	186	190	212	248	253	277	179	227	243	253	272	312	157	197	242	258	199	219	134	164	199	201
OtsAC14SFMK_3034	162	198	198	250	217	237	155	175	239	245	328	340	135	249	270	286	195	259	152	160	229	229
OtsAC14SFMK_3037	182	238	150	216	185	217	163	183	249	281	332	352	115	197	258	274	183	219	164	164	199	201
OtsAC14SFMK_3040	222	296	196	244	241	257	163	231	245	249	316	336	119	219	242	250	207	239	142	146	193	227
OtsAC14SFMK_4095	186	230	186	254	233	249	175	227	247	251	304	324	203	269	238	242	199	199	138	146	227	237
OtsAC14SFMK_1513	194	230	196	244	181	205	163	175	233	241	312	332	181	193	250	266	183	219	134	152	193	207
OtsAC14SFMK_1514	186	222	242	250	229	277	159	187	243	249	236	304	191	191	258	286	191	195	164	168	221	233
OtsAC14SFMK_1515	202	222	154	250	209	245	159	235	249	287	348	418	163	181	242	242	243	259	142	152	199	201
OtsAC14SFMK_1516	198	198	240	278	177	237	175	231	223	245	324	336	115	161	246	274	203	203	164	168	227	233
OtsAC14SFMK_1517	198	202	200	200	177	237	175	231	223	243	312	324	115	193	246	274	183	203	168	168	205	233
OtsAC14SFMK_1518	186	214	154	196	249	249	163	199	233	273	316	328	161	233	242	242	199	231	146	152	205	233
OtsAC14SFMK_1519	202	222	154	250	209	245	159	187	261	269	348	360	163	201	242	254	243	259	142	142	199	201
OtsAC14SFMK_1520	186	222	154	200	209	245	159	187	261	269	348	418	163	201	242	246	199	227	142	142	199	201
OtsAC14SFMK_1521	198	222	242	250	205	217	159	187	243	249	316	340	191	191	242	258	191	195	164	168	221	233
OtsAC14SFMK_1524	186	222	198	288	229	241	179	231	211	263	304	324	115	193	200	250	231	243	168	200	199	221
OtsAC14SFMK_1576	202	210	154	184	217	229	231	235	269	269	296	316	137	203	242	282	231	235	146	168	201	233
OtsAC14SFMK_1577	186	230	254	392	241	253	179	239	219	249	320	402	115	249	200	270	203	203	138	164	221	233
