Offspring Ot201-1 Ot201-2 Ot209-1 Ot209-2 Ot249-1 Ot249-2 Ot253-1 Ot253-2 Ot215-1 Ot215-2 Ot311-1 Ot311-2 Ot409-1 Ot409-2 Ot211-1 Ot211-2 Ot208-1 Ot208-2 Ot212-1 Ot212-2 Ot515-1 Ot515-2 
OtsAC19SFMK_0001 202 234 150 258 181 185 179 195 249 269 188 188 193 193 262 278 223 259 142 160 201 227
OtsAC19SFMK_0002 170 202 196 254 229 237 201 201 229 281 288 296 165 191 242 242 195 227 140 140 221 233
OtsAC19SFMK_0003 190 234 198 232 229 237 183 187 223 277 336 410 181 185 234 242 227 239 146 164 193 233
OtsAC19SFMK_0004 182 234 154 196 205 209 159 201 235 265 332 356 115 115 238 266 207 263 130 142 201 233
OtsAC19SFMK_0005 194 202 154 216 0 0 175 175 243 285 308 336 185 185 242 254 195 263 152 168 193 227
OtsAC19SFMK_0006 202 226 196 198 185 277 195 227 249 281 184 320 191 227 200 242 195 227 134 168 201 233
OtsAC19SFMK_0007 186 194 154 200 205 217 183 201 229 259 332 340 193 197 242 262 0 0 142 242 203 221
OtsAC19SFMK_0008 230 268 238 254 245 265 183 235 229 261 332 348 137 193 262 278 207 207 146 164 201 233
OtsAC19SFMK_0009 202 230 190 196 233 261 163 175 249 251 0 0 175 197 242 270 195 235 164 164 227 237
OtsAC19SFMK_0010 186 190 154 200 181 229 159 175 219 239 324 332 193 197 242 258 211 235 138 146 193 201
OtsAC19SFMK_0011 190 222 154 200 233 249 159 231 249 265 236 406 137 165 250 274 219 223 134 138 207 229
OtsAC19SFMK_0012 202 222 150 294 237 281 219 231 257 265 184 332 115 227 238 266 207 243 164 168 201 201
OtsAC19SFMK_0013 226 234 198 198 241 277 195 227 269 281 184 184 137 185 254 258 231 259 138 168 201 201
OtsAC19SFMK_0014 190 226 212 250 205 209 183 231 229 261 324 348 193 265 242 270 199 247 146 164 199 201
OtsAC19SFMK_0015 194 210 188 262 225 261 187 201 233 269 244 348 197 231 266 282 183 203 152 164 199 233
OtsAC19SFMK_0016 194 202 176 240 209 225 179 187 223 243 0 0 135 189 266 270 199 207 146 156 205 221
OtsAC19SFMK_0017 198 222 154 154 197 261 179 201 229 233 336 348 137 169 234 282 195 251 152 164 201 233
OtsAC19SFMK_0018 174 178 162 242 0 0 0 0 227 261 188 188 161 161 282 282 0 0 142 164 193 199
OtsAC19SFMK_0019 218 218 186 254 245 265 183 235 223 249 0 0 137 187 0 0 183 207 142 146 201 233
OtsAC19SFMK_0020 202 222 176 184 225 277 223 231 233 255 0 0 137 161 200 238 199 255 138 168 193 199
OtsAC19SFMK_0021 182 218 184 240 241 281 175 183 239 243 312 316 135 135 262 266 203 203 146 152 199 199
OtsAC19SFMK_0022 166 202 204 258 201 233 175 231 207 229 316 336 191 201 238 242 187 235 138 146 227 233
OtsAC19SFMK_0023 198 222 192 200 233 237 223 227 211 211 184 252 119 137 262 266 195 203 164 164 193 199
OtsAC19SFMK_0024 198 218 158 250 237 265 235 239 233 253 280 332 191 197 270 278 195 199 146 164 199 227
OtsAC19SFMK_0025 178 178 0 0 237 241 183 201 243 257 312 320 115 177 266 274 247 267 146 184 199 201
OtsAC19SFMK_0026 194 230 246 294 229 229 163 175 229 273 252 316 115 199 234 258 219 231 134 134 201 233
OtsAC19SFMK_0027 194 230 198 246 253 261 183 201 243 281 332 356 185 231 258 266 195 203 134 184 199 201
OtsAC19SFMK_0028 186 230 154 196 249 257 163 201 243 265 188 304 181 187 270 290 183 235 168 168 201 219
OtsAC19SFMK_0029 202 230 154 242 241 281 163 183 243 269 320 340 115 181 226 234 199 259 142 204 199 199
OtsAC19SFMK_0030 198 230 254 254 0 0 175 191 243 253 264 312 161 193 234 262 231 247 152 164 199 201
OtsAC19SFMK_0031 194 222 246 310 237 261 191 239 233 249 312 328 157 161 242 286 235 255 160 212 199 201
OtsAC19SFMK_0032 218 218 238 254 245 265 183 201 229 249 332 348 191 193 262 278 183 255 164 180 201 233
OtsAC19SFMK_0033 202 230 196 254 237 261 201 231 223 249 336 348 137 187 242 278 207 235 142 164 199 237
OtsAC19SFMK_0034 182 218 154 196 233 245 175 179 229 269 320 328 115 231 242 242 207 231 146 164 205 237
OtsAC19SFMK_0035 182 222 180 198 205 249 159 159 241 245 320 328 115 191 234 246 239 263 138 212 193 193
OtsAC19SFMK_0036 186 186 154 226 217 257 207 239 171 243 316 320 141 191 234 262 203 255 152 152 233 237
OtsAC19SFMK_0037 186 198 180 294 209 257 231 231 229 237 316 328 191 249 234 242 183 207 134 142 201 203
OtsAC19SFMK_0038 186 222 154 250 237 265 129 175 265 269 184 336 181 187 242 262 255 255 142 152 199 233
OtsAC19SFMK_0039 182 186 208 246 253 281 179 231 249 273 352 384 183 191 234 266 243 259 156 164 199 199
OtsAC19SFMK_0040 226 234 0 0 0 0 0 0 243 243 188 328 155 197 200 242 0 0 134 168 203 233
OtsAC19SFMK_0041 222 234 238 310 0 0 149 175 243 273 320 328 115 161 0 0 277 303 146 164 201 227
OtsAC19SFMK_0042 194 202 184 200 217 245 175 235 249 281 316 336 227 261 250 270 199 235 134 164 199 233
OtsAC19SFMK_0043 182 222 200 200 225 249 163 187 261 269 188 188 115 189 242 258 227 239 138 146 199 227
OtsAC19SFMK_0044 222 238 212 242 229 229 179 179 233 249 312 332 115 115 238 242 199 223 138 146 207 233
OtsAC19SFMK_0045 198 202 198 254 225 273 175 227 243 261 328 328 189 197 262 282 211 259 134 142 201 203
OtsAC19SFMK_0046 182 234 250 254 237 277 183 235 247 265 284 308 187 227 242 290 203 259 142 168 201 201
OtsAC19SFMK_0047 194 202 246 246 229 233 175 175 243 253 332 332 187 191 246 258 211 235 134 200 219 233
OtsAC19SFMK_0048 198 226 180 234 233 241 175 239 253 265 280 332 137 191 262 286 227 227 138 152 193 233
OtsAC19SFMK_0049 198 226 154 242 209 253 141 175 229 249 316 340 115 115 242 266 187 247 142 168 201 203
OtsAC19SFMK_0050 194 202 154 216 245 273 175 175 243 285 308 308 185 241 238 246 199 263 142 168 193 227
OtsAC19SFMK_0051 230 234 198 246 241 257 195 227 249 281 280 320 191 227 200 254 195 259 138 142 193 233
OtsAC19SFMK_0052 182 182 180 238 205 237 175 239 247 249 188 188 177 227 238 242 203 243 146 212 199 237
OtsAC19SFMK_0053 218 230 238 246 0 0 183 201 229 261 328 332 187 191 262 278 207 255 142 180 199 199
OtsAC19SFMK_0054 202 222 154 154 209 241 183 227 249 277 188 256 115 161 234 274 199 227 146 152 193 219
OtsAC19SFMK_0055 202 222 180 246 221 249 175 179 249 261 284 356 193 201 242 290 247 289 138 152 231 233
OtsAC19SFMK_0056 194 230 198 246 177 213 163 163 171 265 184 252 191 197 200 242 199 243 146 168 233 237
OtsAC19SFMK_0057 218 230 154 196 213 233 155 163 229 249 184 184 191 245 242 286 203 267 164 164 199 227
OtsAC19SFMK_0058 202 226 154 248 0 0 0 0 207 239 328 360 115 181 234 242 0 0 134 146 193 227
OtsAC19SFMK_0059 178 238 176 200 233 237 159 175 207 249 332 336 141 187 242 266 207 227 134 138 221 233
OtsAC19SFMK_0060 182 202 150 184 241 261 179 183 233 239 316 348 185 193 254 266 199 305 146 152 193 199
OtsAC19SFMK_0061 194 202 154 192 181 237 179 201 223 243 296 344 197 247 242 262 199 215 134 160 219 219
OtsAC19SFMK_0062 198 234 154 176 0 0 0 0 235 269 248 336 0 0 238 242 199 227 142 146 0 0
OtsAC19SFMK_0063 202 222 176 194 205 281 187 231 249 261 320 336 201 249 242 242 195 215 142 164 227 233
OtsAC19SFMK_0064 202 230 232 246 225 253 175 201 265 277 332 344 161 241 258 258 263 305 142 160 201 227
OtsAC19SFMK_0065 190 222 154 200 209 225 183 235 257 273 336 340 181 227 246 282 199 199 138 164 199 199
OtsAC19SFMK_0066 182 194 198 200 205 229 201 235 207 243 316 332 181 183 242 242 199 243 138 184 201 233
OtsAC19SFMK_0067 202 222 180 212 221 221 171 239 241 249 332 384 119 137 246 290 207 235 138 146 203 203
OtsAC19SFMK_0068 170 202 154 176 0 0 129 175 245 253 188 188 115 185 242 286 219 263 142 146 199 201
OtsAC19SFMK_0069 222 230 154 198 0 0 0 0 253 257 328 348 137 181 270 278 195 199 152 176 199 233
OtsAC19SFMK_0070 202 222 242 314 0 0 163 183 207 233 248 332 115 177 242 246 199 247 134 152 199 227
OtsAC19SFMK_0071 198 234 196 198 205 213 163 207 239 273 312 316 203 205 234 274 239 267 134 168 201 205
OtsAC19SFMK_0072 170 202 176 200 201 265 141 175 265 277 328 336 181 183 242 282 255 255 142 152 193 201
OtsAC19SFMK_0073 202 222 150 216 217 273 191 235 233 243 308 308 0 0 238 246 195 195 152 168 193 193
OtsAC19SFMK_0074 210 238 212 238 181 213 159 231 265 285 188 188 115 189 242 254 183 219 146 164 201 221
OtsAC19SFMK_0075 214 234 196 250 0 0 175 175 207 257 252 336 115 115 200 250 207 207 152 184 201 205
OtsAC19SFMK_0076 186 186 154 154 0 0 207 239 249 281 320 328 115 181 238 258 235 255 142 152 233 233
OtsAC19SFMK_0077 202 226 196 204 0 0 135 179 207 249 336 336 165 187 238 238 175 315 134 172 201 233
OtsAC19SFMK_0078 166 202 154 154 0 0 0 0 0 0 0 0 137 189 200 238 243 243 138 172 197 199
OtsAC19SFMK_0079 202 230 150 154 0 0 201 231 257 285 308 336 191 191 266 286 0 0 160 164 199 227
OtsAC19SFMK_0080 198 222 154 246 233 237 175 175 233 273 320 340 165 187 242 274 195 239 146 168 201 233
OtsAC19SFMK_0081 222 230 154 246 0 0 201 201 233 235 328 332 115 115 242 274 203 207 146 160 199 201
OtsAC19SFMK_0083 222 222 196 196 0 0 163 175 211 211 236 240 181 219 242 242 0 0 156 164 0 0
OtsAC19SFMK_0084 222 226 216 310 0 0 227 239 269 273 256 316 195 249 258 266 223 255 146 168 199 237
OtsAC19SFMK_0085 186 198 154 154 0 0 159 159 249 261 184 184 115 115 216 270 195 231 134 138 199 233
OtsAC19SFMK_0086 190 230 176 180 0 0 179 231 253 255 316 344 119 191 200 258 203 255 138 152 221 221
OtsAC19SFMK_0087 170 226 154 176 233 241 175 183 207 265 324 324 115 115 238 242 227 255 146 184 231 233
OtsAC19SFMK_0088 194 222 176 184 241 249 175 243 243 273 324 380 201 249 242 266 0 0 142 146 199 237
OtsAC19SFMK_0089 194 226 200 260 0 0 163 201 243 265 312 380 161 161 242 274 0 0 142 142 193 227
OtsAC19SFMK_0090 190 190 162 200 233 237 129 179 207 243 336 352 197 219 242 266 227 235 138 142 199 207
OtsAC19SFMK_0091 226 230 154 246 177 229 195 231 249 269 284 296 161 201 224 242 203 259 142 146 207 227
OtsAC19SFMK_0092 226 230 154 246 237 257 159 175 241 269 184 184 189 191 242 258 231 235 134 212 201 237
OtsAC19SFMK_0093 202 230 154 196 0 0 0 0 269 269 184 284 155 155 238 242 187 227 0 0 199 207
OtsAC19SFMK_0094 186 198 180 242 209 229 159 159 215 219 324 336 115 115 242 242 207 247 164 164 199 221
OtsAC19SFMK_0095 190 190 186 250 237 241 179 235 253 261 316 336 119 195 258 266 203 227 138 146 183 199
OtsAC19SFMK_0096 186 218 196 262 237 249 179 239 171 269 332 344 189 219 242 242 243 243 152 172 233 237
OtsAC19SFMK_0097 186 230 154 154 237 257 159 179 0 0 288 360 191 203 258 282 183 231 142 172 199 227
OtsAC19SFMK_0099 186 210 180 250 185 241 175 207 257 261 244 272 185 189 234 242 199 231 142 142 201 203
OtsAC19SFMK_0100 202 226 196 204 201 209 159 227 229 281 316 316 137 191 242 242 199 227 142 212 183 227
OtsAC19SFMK_0102 222 234 212 242 209 229 179 231 215 219 244 332 115 174 242 242 183 231 160 164 199 199
OtsAC19SFMK_0103 226 230 176 200 237 257 159 227 243 281 272 336 165 167 226 286 203 305 134 142 193 233
OtsAC19SFMK_0104 198 202 150 150 237 261 163 183 215 233 188 248 115 137 246 246 195 235 138 152 227 233
OtsAC19SFMK_0105 202 222 154 242 237 261 163 175 215 243 248 248 137 193 242 242 199 247 134 152 199 233
OtsAC19SFMK_0106 202 202 162 196 225 225 179 231 235 243 236 236 185 187 262 262 227 247 142 168 205 227
OtsAC19SFMK_0107 186 218 242 242 205 237 175 187 249 253 328 340 137 193 242 262 227 247 138 138 227 233
OtsAC19SFMK_0108 198 222 154 200 177 177 175 191 247 265 320 328 193 247 238 242 199 215 130 146 201 227
OtsAC19SFMK_0109 202 202 154 254 217 241 183 191 233 243 308 328 193 197 242 246 199 247 152 160 199 237
OtsAC19SFMK_0110 186 194 208 246 253 281 179 231 273 273 352 384 177 249 200 238 207 255 156 160 199 199
OtsAC19SFMK_0111 198 230 154 154 229 229 183 227 223 269 280 332 185 201 224 234 239 259 160 160 203 227
OtsAC19SFMK_0112 186 218 150 198 177 245 159 223 269 269 332 360 161 219 258 262 207 227 142 146 193 201
OtsAC19SFMK_0113 202 222 150 216 245 273 175 191 249 285 308 308 193 241 242 254 195 199 152 168 199 227
OtsAC19SFMK_0114 222 238 192 310 225 229 183 191 257 273 320 328 161 235 282 286 195 243 146 164 201 227
OtsAC19SFMK_0115 170 170 176 242 237 245 171 191 277 277 328 336 115 191 242 258 203 255 146 168 201 201
OtsAC19SFMK_0116 186 186 154 176 185 233 235 239 253 287 0 0 115 201 242 254 219 243 152 164 193 201
OtsAC19SFMK_0117 186 226 154 198 229 261 175 183 261 281 312 324 181 189 242 242 199 203 142 152 199 199
OtsAC19SFMK_0118 222 222 154 258 209 233 155 175 243 277 268 340 197 201 238 254 199 215 146 146 231 233
OtsAC19SFMK_0119 186 222 200 240 209 233 163 175 243 243 236 320 181 219 242 278 199 255 156 164 201 233
OtsAC19SFMK_0120 182 186 158 196 209 237 179 201 243 257 280 332 115 181 270 282 199 247 140 152 193 237
OtsAC19SFMK_0121 182 186 154 196 233 241 183 201 249 265 236 344 161 177 220 242 223 273 164 168 205 233
OtsAC19SFMK_0122 190 202 154 200 213 229 201 201 207 245 312 320 165 247 220 286 235 247 146 184 203 227
OtsAC19SFMK_0123 230 234 154 200 229 233 159 175 245 249 296 388 157 201 200 270 191 231 138 204 193 207
OtsAC19SFMK_0125 170 234 154 194 229 253 231 239 243 245 0 0 181 197 258 282 195 227 138 184 201 227
OtsAC19SFMK_0126 194 222 176 204 209 273 175 179 243 249 184 184 181 187 238 270 195 219 146 168 199 233
OtsAC19SFMK_0128 222 234 202 212 209 217 231 235 249 253 308 324 181 197 234 242 195 195 146 146 207 237
OtsAC19SFMK_0129 170 190 200 254 0 0 141 183 253 269 252 332 115 115 192 192 0 0 142 172 193 205
OtsAC19SFMK_0130 190 226 154 154 237 257 175 187 265 265 248 332 161 237 278 282 207 219 142 146 199 201
OtsAC19SFMK_0131 182 230 190 196 233 281 207 227 251 269 328 332 175 219 242 270 195 235 164 164 199 227
OtsAC19SFMK_0132 222 238 154 196 233 237 163 201 247 269 0 0 0 0 234 246 227 227 138 168 201 201
OtsAC19SFMK_0133 198 214 154 250 0 0 129 187 223 261 0 0 161 189 242 250 235 243 168 172 203 227
OtsAC19SFMK_0134 186 230 154 248 249 285 137 231 249 277 316 352 115 219 242 282 199 227 152 152 205 233
OtsAC19SFMK_0135 0 0 242 246 0 0 179 183 255 257 188 188 141 193 220 238 195 239 164 164 199 199
OtsAC19SFMK_0136 194 218 154 236 0 0 0 0 203 249 332 336 137 197 270 278 191 247 142 146 199 233
OtsAC19SFMK_0137 0 0 154 258 0 0 163 163 241 249 236 244 197 201 242 250 203 247 152 168 193 199
OtsAC19SFMK_0138 202 230 150 240 217 245 179 191 241 285 308 332 193 231 254 286 195 207 142 146 199 201
OtsAC19SFMK_0139 222 230 198 306 177 233 171 183 247 249 184 324 219 245 234 278 191 243 146 160 193 207
OtsAC19SFMK_0141 190 202 154 200 241 261 187 239 245 249 332 380 139 197 270 282 199 235 160 168 227 233
OtsAC19SFMK_0142 186 230 0 0 0 0 119 207 229 229 0 0 137 191 242 242 163 163 0 0 193 201
OtsAC19SFMK_0143 182 206 192 254 0 0 125 179 249 269 0 0 193 233 242 286 223 263 146 168 201 221
OtsAC19SFMK_0144 222 234 242 246 217 237 129 179 249 261 312 348 181 249 242 242 195 199 160 164 201 233
OtsAC19SFMK_0145 214 214 158 158 0 0 0 0 249 249 188 188 174 197 0 0 199 199 164 184 201 201
OtsAC19SFMK_0146 226 230 196 244 229 233 175 235 261 265 296 304 157 181 266 270 191 263 146 204 231 233
OtsAC19SFMK_0147 214 230 154 192 245 257 175 235 247 273 308 336 137 137 234 242 195 203 138 152 201 203
OtsAC19SFMK_0149 182 222 242 244 229 237 163 187 223 229 332 336 183 191 258 262 199 203 142 152 199 227
OtsAC19SFMK_0150 198 230 154 248 0 0 0 0 243 269 308 320 185 241 0 0 183 223 152 164 201 233
OtsAC19SFMK_0153 182 194 192 278 181 229 175 239 207 247 184 336 137 219 262 266 227 235 142 156 201 203
OtsAC19SFMK_0155 186 230 192 244 209 229 201 235 207 243 188 332 137 187 238 258 179 231 146 200 199 227
OtsAC19SFMK_0157 182 234 200 258 181 225 175 231 265 269 188 188 193 201 242 258 207 259 142 152 231 233
OtsAC19SFMK_0158 178 178 176 198 0 0 175 187 0 0 272 312 137 137 200 200 179 179 142 152 199 201
OtsAC19SFMK_0159 222 222 268 310 0 0 129 175 233 281 252 324 161 161 0 0 199 235 152 212 199 201
OtsAC19SFMK_0163 190 234 154 196 233 237 175 175 241 249 244 244 119 161 242 242 231 267 138 142 201 207
OtsAC19SFMK_0164 222 230 184 200 221 281 175 175 243 247 232 332 115 161 242 266 195 239 152 168 233 237
OtsAC19SFMK_0166 170 170 200 250 0 0 201 239 223 243 398 402 115 193 224 270 195 215 134 156 199 233
OtsAC19SFMK_0168 198 230 154 154 0 0 135 163 235 253 300 332 161 201 246 266 231 259 160 160 233 233
OtsAC19SFMK_0169 170 230 198 198 0 0 163 163 233 273 244 344 135 201 242 270 207 227 164 180 201 201
OtsAC19SFMK_0170 178 190 186 240 241 245 201 231 243 269 188 188 181 193 258 274 203 243 138 160 199 207
OtsAC19SFMK_0171 170 182 196 196 225 237 175 239 243 253 308 328 187 191 234 270 199 203 204 212 193 201
OtsAC19SFMK_0172 194 234 204 244 0 0 159 163 247 265 308 340 201 245 200 242 247 263 134 142 199 233
OtsAC19SFMK_0173 174 230 240 254 229 233 163 179 243 269 320 352 137 203 200 200 195 195 138 164 199 219
OtsAC19SFMK_0175 202 238 198 254 0 0 135 175 171 285 332 380 185 191 0 0 0 0 138 146 201 219
OtsCC19SFMK_1381 198 218 198 254 181 241 175 235 241 261 280 340 187 191 226 266 203 215 146 164 201 221
OtsCC19SFMK_1929 222 230 158 254 0 0 175 191 261 269 244 336 163 201 246 286 239 279 146 192 199 221
OtsCC19SFMK_1928 198 218 154 192 0 0 135 187 261 265 276 328 115 191 242 282 0 0 134 134 203 233
OtsCC19SFMK_1927 194 234 196 268 217 229 155 239 211 249 272 312 115 193 242 262 251 255 152 168 201 203
OtsCC19SFMK_1925 190 226 150 154 181 205 179 179 233 269 332 336 115 137 238 258 195 243 160 192 199 227
OtsCC19SFMK_1924 190 226 150 154 181 205 179 179 233 269 332 336 115 241 238 258 195 243 160 192 199 227
OtsCC19SFMK_2171 186 214 162 278 209 261 155 175 219 227 316 324 115 191 238 246 207 235 138 164 199 227
OtsCC19SFMK_2172 194 230 236 242 0 0 0 0 243 257 316 336 187 193 270 282 203 207 138 152 201 235
OtsCC19SFMK_2174 0 0 150 186 0 0 163 163 211 241 312 332 193 219 0 0 0 0 138 152 201 237
OtsCC19SFMK_2175 170 186 150 186 217 233 163 163 241 249 312 340 193 219 242 250 219 247 142 212 201 237
OtsCC19SFMK_2178 202 230 150 244 237 245 129 183 235 269 240 336 161 177 254 270 183 195 138 152 199 233
OtsCC19SFMK_2180 194 230 150 150 0 0 0 0 249 269 240 312 161 177 0 0 0 0 138 152 199 199
OtsCC19SFMK_1630 230 230 154 192 0 0 163 187 223 243 332 336 119 185 246 282 199 239 142 152 229 233
OtsCC19SFMK_1627 194 202 0 0 0 0 0 0 211 253 188 236 115 187 200 238 0 0 138 160 199 201
OtsCC19SFMK_2080 202 210 204 244 0 0 163 227 179 257 284 312 115 223 246 258 0 0 138 152 193 201
