Offspring Ot201-1 Ot201-2 Ot209-1 Ot209-2 Ot249-1 Ot249-2 Ot253-1 Ot253-2 Ot215-1 Ot215-2 Ot311-1 Ot311-2 Ot409-1 Ot409-2 Ot211-1 Ot211-2 Ot208-1 Ot208-2 Ot212-1 Ot212-2 Ot515-1 Ot515-2 
OtsAC18SFMK_0001 214 222 150 194 221 249 175 235 199 239 244 328 0 0 246 294 219 255 146 164 199 201
OtsAC18SFMK_0002 178 234 192 242 217 257 175 179 243 245 188 188 187 191 254 282 227 243 152 152 203 219
OtsAC18SFMK_0003 206 230 154 196 237 281 187 239 233 265 352 360 135 191 246 246 279 305 142 152 227 229
OtsAC18SFMK_0004 190 230 154 216 229 233 179 191 207 261 292 348 163 219 200 282 207 235 138 152 221 237
OtsAC18SFMK_0005 182 186 184 196 257 261 183 191 233 253 276 284 201 217 270 286 199 211 138 146 201 203
OtsAC18SFMK_0006 198 238 176 192 205 209 129 183 281 285 268 280 119 241 200 270 195 243 134 172 193 237
OtsAC18SFMK_0007 222 226 196 258 209 241 175 235 243 249 324 328 195 197 270 282 183 235 164 172 199 199
OtsAC18SFMK_0008 198 234 244 254 237 261 227 231 219 249 332 352 115 231 258 270 215 267 142 152 193 233
OtsAC18SFMK_0009 202 202 254 254 209 225 227 231 235 249 332 388 115 115 242 270 215 227 142 142 203 205
OtsAC18SFMK_0010 226 230 176 192 205 217 145 179 249 281 316 336 189 209 238 286 211 227 142 142 199 203
OtsAC18SFMK_0011 230 230 150 242 241 269 195 231 211 243 308 360 115 163 238 242 235 255 142 168 199 199
OtsAC18SFMK_0012 182 218 154 196 233 237 175 187 257 259 328 340 193 201 270 270 199 247 138 242 227 233
OtsAC18SFMK_0013 194 226 150 244 237 265 183 231 229 265 316 316 137 231 250 266 243 255 142 146 201 219
OtsAC18SFMK_0014 198 234 196 244 181 217 201 211 239 253 188 188 137 191 242 242 203 235 134 134 193 237
OtsAC18SFMK_0015 234 234 200 238 209 257 163 179 229 249 316 348 133 193 262 286 199 199 134 146 201 201
OtsAC18SFMK_0016 202 222 150 204 181 217 175 235 233 243 308 406 185 187 238 246 195 263 152 168 199 199
OtsAC18SFMK_0017 186 202 154 158 0 0 175 179 243 243 288 332 203 219 274 282 231 231 134 146 201 227
OtsAC18SFMK_0018 186 230 240 254 201 229 175 239 239 281 332 406 135 253 200 242 199 227 164 176 193 237
OtsAC18SFMK_0019 190 230 154 200 209 237 129 163 247 249 328 332 165 199 200 242 207 263 138 138 199 199
OtsAC18SFMK_0020 182 202 158 196 197 229 175 235 265 269 324 344 159 185 200 242 239 247 138 164 203 233
OtsAC18SFMK_0021 182 186 158 176 205 225 183 231 207 249 188 328 115 185 238 250 231 305 152 168 193 201
OtsAC18SFMK_0901 202 210 198 200 237 257 163 183 183 211 316 348 187 249 200 278 239 259 142 146 199 201
OtsAC18SFMK_0902 170 222 154 200 173 241 179 183 233 253 248 324 161 195 242 270 195 211 152 164 199 233
OtsAC18SFMK_0903 194 198 150 200 217 253 175 175 223 245 184 248 135 249 226 274 227 270 134 152 201 203
OtsAC18SFMK_0904 194 234 238 254 233 237 183 227 229 285 296 348 161 177 234 282 219 247 134 134 227 237
OtsAC18SFMK_0905 226 226 216 254 181 241 159 227 253 255 320 352 189 231 270 270 231 267 142 164 227 237
OtsAC18SFMK_0906 222 222 154 200 181 241 175 187 233 243 188 188 115 245 258 258 239 313 134 164 199 199
OtsAC18SFMK_0907 186 222 192 198 225 281 175 179 249 249 320 360 191 201 238 242 227 231 156 164 201 227
OtsAC18SFMK_0908 186 230 176 192 249 257 175 235 233 247 264 340 201 203 242 258 203 251 168 176 199 201
OtsAC18SFMK_0909 214 222 192 254 249 249 175 179 233 243 188 188 201 245 258 278 235 313 134 164 193 233
OtsAC18SFMK_0910 186 234 248 254 209 261 231 235 269 273 312 320 159 181 242 242 203 259 146 168 199 199
OtsAC18SFMK_0911 206 210 150 154 237 241 201 227 229 243 316 328 191 235 242 266 199 227 142 168 199 233
OtsAC18SFMK_0912 186 234 242 242 177 237 129 141 245 249 188 332 0 0 242 266 195 223 152 172 0 0
OtsAC18SFMK_0913 186 230 154 196 185 245 163 175 247 265 332 340 189 197 262 282 195 231 138 168 193 203
OtsAC18SFMK_0914 186 230 176 198 277 281 169 175 249 281 312 360 161 191 258 274 195 227 146 164 201 203
OtsAC18SFMK_0915 226 226 150 154 237 257 175 227 269 269 300 324 137 233 224 238 243 259 146 164 219 233
OtsAC18SFMK_0916 194 198 154 154 205 209 179 239 257 269 340 406 115 135 234 242 235 259 152 176 203 237
OtsAC18SFMK_0917 190 190 192 248 169 261 175 239 233 233 320 380 193 231 242 242 203 207 134 160 193 207
OtsAC18SFMK_0918 170 210 238 254 229 237 175 183 235 235 236 332 161 177 242 282 219 235 0 0 201 237
OtsAC18SFMK_0919 166 182 154 242 217 237 175 201 227 243 188 380 137 189 242 266 247 263 130 138 233 233
OtsAC18SFMK_0920 178 210 150 196 233 281 163 179 207 277 280 288 115 177 278 282 243 259 142 168 233 237
OtsAC18SFMK_0921 198 206 150 192 181 181 129 227 233 243 332 344 181 233 258 282 243 259 142 146 193 233
OtsAC18SFMK_0922 218 230 154 196 213 233 163 171 243 249 184 316 187 245 242 286 203 259 164 164 199 227
OtsAC18SFMK_0923 182 194 154 294 173 209 175 175 229 253 332 398 191 191 200 258 207 235 134 164 201 205
OtsAC18SFMK_0924 178 230 196 238 181 249 175 179 261 265 284 328 161 187 246 266 199 227 134 172 201 221
OtsAC18SFMK_0925 226 230 196 236 169 233 163 201 233 243 328 352 115 195 242 262 231 247 142 152 201 233
OtsAC18SFMK_0926 186 210 196 246 249 261 179 231 211 277 324 332 227 245 234 266 207 270 134 152 199 201
OtsAC18SFMK_0927 190 226 180 278 253 289 183 187 237 249 336 352 115 137 238 278 183 199 138 138 193 199
OtsAC18SFMK_0928 198 222 200 310 225 249 175 227 249 261 268 340 0 0 250 258 199 255 146 164 0 0
OtsAC18SFMK_0929 222 234 154 262 209 281 175 231 253 265 272 328 183 217 266 266 247 255 142 152 199 201
OtsAC18SFMK_0930 202 222 180 258 201 253 129 235 233 269 268 328 203 241 238 270 219 235 138 168 193 199
OtsAC18SFMK_0931 202 226 150 154 185 237 183 231 243 269 320 328 195 233 224 238 243 259 152 160 227 227
OtsAC18SFMK_0932 194 226 196 200 229 237 191 191 215 273 332 394 115 219 258 274 247 267 146 164 201 227
OtsAC18SFMK_0933 226 230 154 266 177 241 163 183 245 281 280 336 161 219 258 262 239 243 134 146 221 233
OtsAC18SFMK_0934 186 234 200 244 181 237 183 239 207 249 324 340 181 191 226 282 195 199 152 164 221 233
OtsAC18SFMK_0935 210 218 166 200 185 225 183 231 207 277 332 352 201 203 250 250 203 207 156 184 201 201
OtsAC18SFMK_0936 194 234 238 242 229 257 183 235 249 255 248 406 115 229 242 246 187 195 142 204 201 221
OtsAC18SFMK_0937 210 234 166 238 225 261 175 183 243 243 284 320 0 0 254 274 235 267 146 184 0 0
OtsAC18SFMK_0938 222 230 180 216 0 0 0 0 223 229 240 406 191 243 270 290 235 235 142 168 201 227
OtsAC18SFMK_0939 186 210 196 240 229 233 179 223 241 273 312 352 115 231 242 242 203 235 160 164 193 201
OtsAC18SFMK_0940 186 190 158 186 233 273 175 179 245 255 316 336 181 229 242 266 227 231 152 176 199 201
OtsAC18SFMK_0941 198 226 258 288 213 241 179 231 243 249 284 336 187 245 274 282 203 203 160 168 201 227
OtsAC18SFMK_0942 202 230 242 256 233 237 199 223 241 259 340 344 181 203 242 274 207 243 138 212 201 203
OtsAC18SFMK_0943 226 234 196 196 229 261 163 175 243 287 304 352 115 227 242 246 199 255 164 164 201 233
OtsAC18SFMK_0944 198 222 154 154 237 249 163 231 249 269 300 320 175 191 266 266 247 259 152 152 233 233
OtsAC18SFMK_0945 186 222 154 154 0 0 0 0 249 281 236 328 115 181 234 238 203 255 142 152 199 233
OtsAC18SFMK_0946 202 230 158 176 229 237 201 231 211 269 340 344 137 187 242 290 203 243 134 204 199 199
OtsAC18SFMK_0947 218 222 200 200 233 273 179 207 265 277 184 276 185 195 242 286 207 223 152 168 201 205
OtsAC18SFMK_0948 194 230 204 238 181 233 159 235 249 253 184 406 161 219 234 242 187 203 142 204 201 221
OtsAC18SFMK_0949 186 230 250 258 229 237 159 175 243 257 276 380 115 231 234 274 227 243 140 168 201 205
OtsAC18SFMK_0950 202 222 150 258 237 237 159 175 233 261 284 308 181 219 242 262 239 305 152 212 199 201
OtsAC18SFMK_0951 190 194 196 238 217 237 175 179 229 261 316 332 161 195 262 282 235 247 142 172 201 221
OtsAC18SFMK_0952 198 230 176 200 221 241 175 187 249 269 288 332 189 249 262 266 195 231 138 164 199 201
OtsAC18SFMK_0953 222 234 196 196 181 233 175 175 247 285 316 320 191 205 242 242 195 243 142 160 199 233
OtsAC18SFMK_0954 186 202 154 208 225 233 183 191 253 261 188 280 161 203 242 278 199 231 138 160 201 219
OtsAC18SFMK_0955 170 194 212 254 233 237 171 227 229 285 296 348 161 177 234 282 239 247 134 152 227 237
OtsAC18SFMK_0956 170 182 198 288 0 0 0 0 263 269 324 336 115 207 200 242 219 243 142 160 199 201
OtsAC18SFMK_0957 222 230 154 240 209 209 179 191 261 273 320 360 161 235 262 282 195 219 152 164 201 233
OtsAC18SFMK_0958 170 202 150 258 237 265 159 175 233 261 284 308 135 189 242 270 243 259 142 212 193 199
OtsAC18SFMK_0959 170 210 238 254 237 237 171 175 229 285 236 332 161 193 234 282 235 239 134 134 201 237
OtsAC18SFMK_0960 170 230 192 196 173 241 183 231 255 285 316 336 181 197 238 270 183 219 164 242 199 199
OtsAC18SFMK_0961 186 210 248 254 241 277 175 207 257 261 244 272 185 189 242 242 199 231 142 142 199 227
OtsAC18SFMK_0962 170 202 196 198 233 237 175 183 223 281 320 332 137 181 200 266 227 231 142 164 199 201
OtsAC18SFMK_0963 226 230 196 200 241 277 155 187 257 277 324 340 187 197 220 282 187 227 152 172 193 227
OtsAC18SFMK_0964 210 226 154 198 257 277 183 183 211 233 248 324 187 195 238 242 199 235 142 164 201 201
OtsAC18SFMK_0965 178 226 154 158 229 241 183 183 207 233 248 316 195 199 238 242 199 235 142 164 199 233
OtsAC18SFMK_0966 170 230 194 250 205 257 175 239 233 241 324 406 137 187 258 262 211 255 130 160 199 201
OtsAC18SFMK_0967 202 222 176 236 237 241 201 201 243 255 316 328 235 243 242 262 235 235 142 164 199 199
OtsAC18SFMK_0968 186 194 158 196 229 237 201 231 207 249 316 328 115 245 242 282 247 247 146 160 221 227
OtsAC18SFMK_0969 190 202 196 232 169 233 159 171 211 247 248 316 193 195 242 242 235 235 142 160 201 233
OtsAC18SFMK_0970 198 202 232 240 225 233 175 231 219 243 312 324 161 201 262 274 199 255 160 168 193 227
OtsAC18SFMK_0971 186 226 196 258 225 249 187 201 249 269 328 332 119 207 200 266 203 227 142 168 201 221
OtsAC18SFMK_0972 186 218 250 278 177 237 129 201 223 253 276 328 193 209 234 242 227 231 138 142 201 201
OtsAC18SFMK_0973 194 226 238 258 237 297 175 227 229 287 348 352 161 193 262 282 211 247 134 164 201 201
OtsAC18SFMK_0974 186 190 196 258 229 241 163 207 229 265 284 316 161 185 246 266 263 283 134 160 199 201
OtsAC18SFMK_0975 166 194 154 196 217 245 175 179 229 243 284 316 191 193 266 282 199 247 134 168 201 201
OtsAC18SFMK_0976 182 234 154 208 169 257 175 227 249 265 188 188 189 245 242 254 199 263 160 168 193 201
OtsAC18SFMK_0977 170 190 154 236 221 277 183 227 229 233 248 316 137 235 242 242 211 227 164 168 199 233
OtsAC18SFMK_0978 186 202 180 248 241 277 183 227 223 257 340 380 203 227 234 242 227 251 142 156 199 203
OtsAC18SFMK_0979 230 230 236 240 169 229 183 201 243 269 304 316 231 235 262 274 231 243 152 164 201 233
OtsAC18SFMK_0980 222 234 150 154 233 233 175 187 241 265 284 312 187 229 220 270 195 231 140 140 199 203
OtsAC18SFMK_0981 170 182 200 254 181 277 175 191 269 273 324 344 137 139 262 266 255 255 160 176 201 233
OtsAC18SFMK_0982 226 230 202 212 209 209 179 227 207 265 336 344 174 247 246 258 239 251 134 164 199 221
OtsAC18SFMK_0983 190 194 254 278 209 241 163 163 247 257 244 348 159 187 242 270 207 235 134 212 233 233
OtsAC18SFMK_0984 222 222 196 238 181 233 179 227 243 249 236 332 115 191 246 266 191 255 152 168 199 221
OtsAC18SFMK_0985 178 222 154 196 217 249 179 227 261 265 236 328 161 187 246 266 199 255 152 160 201 203
OtsAC18SFMK_0986 186 190 254 260 237 241 155 163 247 257 316 348 159 191 266 270 235 263 138 172 201 233
OtsAC18SFMK_0987 170 206 154 154 221 241 183 227 229 233 248 316 137 235 242 266 211 227 164 168 199 201
OtsAC18SFMK_0988 226 230 196 236 169 229 159 183 229 233 304 352 115 231 262 274 243 255 142 152 233 237
OtsAC18SFMK_0989 214 222 198 200 229 241 183 227 249 253 284 380 189 201 242 270 199 227 142 168 193 201
OtsAC18SFMK_0990 202 222 196 198 233 281 207 231 171 241 188 348 187 193 200 270 199 247 164 168 193 233
OtsAC18SFMK_0991 222 230 158 200 237 245 175 175 243 265 280 284 137 185 262 266 231 239 152 164 211 221
OtsAC18SFMK_0992 190 234 202 202 229 233 129 159 223 261 284 320 185 227 266 270 227 239 138 212 193 233
OtsAC18SFMK_0993 182 186 196 240 237 237 175 201 241 277 236 344 165 189 242 258 199 207 138 242 199 233
OtsAC18SFMK_0994 190 190 190 196 217 245 155 183 273 273 268 332 0 0 254 270 183 239 142 146 0 0
OtsAC18SFMK_0995 194 194 154 238 197 257 155 175 243 249 312 328 219 227 258 266 199 231 146 164 201 237
OtsAC18SFMK_0996 170 186 216 258 181 281 175 175 211 273 284 332 137 191 266 274 231 293 134 180 201 227
OtsAC18SFMK_0997 190 234 0 0 229 257 175 175 241 243 394 398 191 197 242 254 211 243 134 164 199 199
OtsAC18SFMK_0998 198 234 176 190 233 273 175 179 249 269 184 284 137 187 266 278 219 227 142 142 199 237
OtsAC18SFMK_0999 218 230 154 196 229 229 183 187 261 281 188 272 135 197 242 278 247 255 142 168 201 221
OtsCC18SFMK_1161 182 182 186 240 229 249 163 183 207 249 188 352 137 183 238 250 203 231 152 168 199 201
OtsCC18SFMK_1201 186 198 154 250 237 257 183 191 249 261 308 332 189 191 274 282 191 247 168 176 193 205
OtsCC18SFMK_1203 182 234 196 238 229 229 235 239 247 247 188 188 177 187 234 238 203 227 142 156 193 203
OtsCC18SFMK_1204 226 230 200 250 209 213 171 201 277 281 344 344 119 187 258 278 203 235 138 172 201 203
OtsCC18SFMK_1205 178 222 192 238 225 237 227 239 241 277 188 336 191 237 242 278 183 199 142 146 199 221
OtsCC18SFMK_1206 198 226 154 208 237 237 239 239 235 251 296 300 185 191 200 242 195 227 152 160 199 229
OtsCC18SFMK_1208 194 202 184 254 193 257 175 191 211 243 300 344 163 197 270 274 211 223 142 152 199 199
OtsCC18SFMK_1209 190 222 198 240 181 233 201 201 253 269 0 0 197 221 242 282 231 235 142 168 201 219
OtsCC18SFMK_1648 182 202 196 232 0 0 0 0 243 247 0 0 161 181 200 226 191 191 138 160 193 201
OtsCC18SFMK_1649 202 202 204 310 0 0 159 175 233 257 316 340 115 253 246 270 183 199 160 200 201 221
OtsCC18SFMK_1650 194 214 186 254 0 0 0 0 247 255 284 320 115 135 242 266 0 0 134 146 199 201
OtsCC18SFMK_1741 226 230 196 242 0 0 145 163 243 261 188 308 119 219 242 258 203 243 164 168 193 199
OtsCC18SFMK_1828 182 218 154 196 0 0 175 175 259 259 328 340 193 201 270 270 199 199 138 152 227 233
OtsCC18SFMK_1831 202 202 186 260 0 0 0 0 207 243 328 332 193 193 242 246 0 0 134 134 201 221
OtsCC18SFMK_1848 186 226 250 294 229 237 227 235 229 243 332 352 115 191 242 274 191 263 152 168 193 221
OtsCC18SFMK_1850 202 234 200 238 0 0 163 179 229 249 344 348 133 193 0 0 199 199 134 146 201 201
OtsCC18SFMK_1861 202 218 0 0 0 0 0 0 171 207 172 332 161 193 242 266 195 203 138 168 201 221
OtsCC18SFMK_1862 234 234 196 240 0 0 179 191 207 229 332 336 115 139 242 262 207 255 164 172 201 201
OtsCC18SFMK_1863 182 186 196 196 0 0 187 195 265 277 316 336 191 219 258 274 231 235 134 146 203 237
OtsCC18SFMK_1864 186 230 196 200 0 0 171 239 247 249 316 332 197 201 234 258 203 243 138 142 193 201
OtsCC18MCKR_4017 190 226 190 248 217 229 183 239 233 243 332 380 191 237 246 258 203 207 146 212 201 207
OtsCC18MCKR_4028 170 186 196 198 181 209 201 239 211 241 188 316 217 241 266 278 195 235 142 142 199 205
OtsCC18MCKR_4048 206 234 198 274 225 233 175 187 237 265 300 328 191 233 242 254 227 235 156 180 199 233
OtsCC18MCKR_4049 182 230 232 254 181 229 179 231 219 235 244 328 159 237 200 258 195 207 146 146 199 199
OtsCC18MCKR_4050 0 0 176 192 205 217 145 179 249 281 316 336 189 209 238 286 211 227 142 142 199 203
OtsCC18MCKR_4056 182 222 176 254 0 0 0 0 207 243 332 344 135 191 238 238 175 247 134 152 201 221
OtsCC18MCKR_4060 194 198 184 192 237 241 159 175 239 243 312 336 177 193 238 270 227 243 138 164 193 201
OtsCC18MCKR_4065 194 198 184 192 0 0 0 0 207 239 0 0 177 193 238 270 227 243 138 164 193 201
OtsCC18MCKR_4073 194 198 184 192 0 0 159 175 239 243 312 336 177 193 238 270 0 0 138 164 193 201
OtsCC18MCKR_4077 178 190 196 200 245 261 171 207 207 273 268 336 115 187 270 278 207 239 142 160 193 233
OtsCC18MCKR_4079 186 222 186 204 237 245 159 179 249 249 328 356 115 159 266 286 243 255 146 172 201 201
OtsCC18MCKR_4092 170 186 192 232 237 257 179 183 241 277 276 328 191 237 258 258 183 223 142 146 207 221
OtsCC18MCKR_4094 226 230 158 254 233 261 145 175 249 261 236 284 163 197 242 254 199 243 164 168 199 233
OtsCC18MCKR_4126 186 198 196 246 237 277 159 183 227 249 236 340 185 191 234 270 199 203 134 146 193 219
OtsCC18MCKR_4127 190 222 196 200 177 249 175 231 249 249 284 308 201 219 242 250 231 235 164 168 193 199
