Sample Name	sex.gt	sex.pheno	OT201	OT201	OT209	OT209	OT249	OT249	Ot253b	Ot253b	Ot215	Ot215	Ot311	Ot311	Ot409	Ot409	Ot211	Ot211	Ot208	Ot208	Ot212	Ot212	Ot515	Ot515	jul_date	loc	year
CBD_11_1009	F	Female	202	206	150	244	209	229	175	231	211	277	348	348	175	189	200	266	195	199	138	212	199	201	10/10/2011	Cougar Dam to Bridge	2011
CBD_11_1030	F	Male	198	230	154	244	209	237	163	179	0	0	0	0	185	197	242	262	187	223	138	184	199	207	10/10/2011	Cougar Dam to Bridge	2011
CBD_11_1040	F	Female	194	226	158	258	229	229	159	235	179	179	188	398	183	193	234	266	195	219	164	164	201	203	10/10/2011	Cougar Dam to Bridge	2011
CBD_11_1049	F	Female	218	230	240	258	225	241	207	235	243	277	336	348	203	227	242	282	195	199	142	152	219	233	10/10/2011	Cougar Dam to Bridge	2011
CBD_11_1059	F	Female	198	222	250	250	233	285	175	201	243	273	300	328	119	233	212	254	203	283	146	146	199	201	10/10/2011	Cougar Dam to Bridge	2011
CBD_11_1069	F	Female	198	214	196	250	181	245	175	235	211	273	328	336	137	175	266	274	203	243	138	146	201	203	10/10/2011	Cougar Dam to Bridge	2011
CBD_11_1079	UK	Female	218	226	196	244	181	233	175	175	0	0	0	0	115	225	212	212	183	191	152	164	201	237	10/10/2011	Cougar Dam to Bridge	2011
CBD_11_1080	F	Female	190	198	250	250	205	209	175	235	249	249	316	332	185	193	266	270	199	219	142	142	207	233	10/10/2011	Bridge to Mouth	2011
CBD_11_1089	F	Female	210	222	200	244	201	281	163	175	179	243	280	328	137	181	242	290	199	207	138	146	199	199	10/10/2011	Cougar Dam to Bridge	2011
CBD_11_1090	F	Female	226	230	154	200	229	249	187	187	229	257	284	332	185	187	242	286	203	239	138	168	193	233	10/10/2011	Bridge to Mouth	2011
CBD_11_1100	F	Male	182	182	176	200	229	237	129	179	269	269	320	332	197	201	274	274	227	255	138	138	221	233	10/10/2011	Bridge to Mouth	2011
CBD_11_504	F	Female	190	202	154	212	217	229	223	239	207	251	276	332	185	193	238	270	199	219	152	164	201	201	10/4/2011	Cougar Dam to Bridge	2011
CBD_11_510	F	Female	222	234	154	158	261	277	171	175	239	249	348	352	195	243	266	270	203	227	138	164	201	237	9/28/2011	Bridge to Mouth	2011
CBD_11_511	M	Male	186	190	184	254	229	233	179	183	265	269	188	328	119	161	242	262	195	207	134	212	193	199	9/28/2011	Cougar Dam to Bridge	2011
CBD_11_512	M	Male	0	0	0	0	237	241	175	227	223	229	188	312	183	235	242	246	199	247	142	168	203	219	10/4/2011	Cougar Dam to Bridge	2011
CBD_11_513	F	Female	218	218	158	238	205	217	187	227	211	251	244	244	115	191	220	242	195	247	152	164	201	233	9/28/2011	Bridge to Mouth	2011
CBD_11_516	UK	Female	0	0	0	0	233	249	199	235	249	277	256	320	177	219	242	254	191	195	146	164	199	203	9/28/2011	Bridge to Mouth	2011
CBD_11_519	F	Female	186	190	154	200	237	241	183	183	243	269	244	304	231	235	234	242	219	243	134	146	199	201	10/4/2011	Cougar Dam to Bridge	2011
CBD_11_520	F	Female	218	226	180	250	229	237	175	231	249	269	324	336	139	161	212	266	183	243	168	168	201	229	10/4/2011	Cougar Dam to Bridge	2011
CBD_11_522	F	Female	230	230	154	198	233	285	175	227	223	233	332	398	189	191	234	266	231	247	142	142	199	201	10/4/2011	Cougar Dam to Bridge	2011
CBD_11_528	F	Female	222	234	184	254	237	297	175	175	243	277	256	336	155	231	242	242	227	247	164	176	199	207	9/28/2011	Cougar Dam to Bridge	2011
CBD_11_529	F	Female	202	202	196	200	237	237	163	175	243	285	328	336	115	257	266	286	231	251	152	168	193	201	9/28/2011	Cougar Dam to Bridge	2011
CBD_11_530	UK	Female	198	202	196	244	217	237	179	235	249	253	188	356	115	137	224	262	183	199	152	164	193	221	10/4/2011	Cougar Dam to Bridge	2011
CBD_11_534	F	Female	218	226	212	238	217	253	175	183	211	239	188	344	137	177	246	270	239	259	164	172	193	199	9/20/2011	Bridge to Mouth	2011
CBD_11_535	M	Male	186	186	154	250	229	237	201	243	257	265	284	316	115	181	258	274	195	279	152	152	201	237	10/4/2011	Cougar Dam to Bridge	2011
CBD_11_537	F	Female	202	202	242	250	177	233	175	231	211	243	284	324	137	177	278	290	195	231	164	168	201	227	9/28/2011	Bridge to Mouth	2011
CBD_11_542	F	Female	202	210	254	288	241	241	163	183	241	243	332	402	181	191	226	270	247	263	152	160	193	237	9/8/2011	Cougar Dam to Bridge	2011
CBD_11_543	M	Male	166	218	216	258	237	261	163	223	171	273	336	418	119	181	250	278	211	247	134	146	193	221	9/20/2011	Cougar Dam to Bridge	2011
CBD_11_546	F	Female	186	222	198	198	237	241	159	231	219	277	184	188	139	201	242	254	227	231	168	168	227	233	9/13/2011	Cougar Dam to Bridge	2011
CBD_11_547	M	Male	194	218	158	176	177	209	201	227	253	269	188	264	137	193	282	282	199	243	138	146	193	205	9/20/2011	Cougar Dam to Bridge	2011
CBD_11_548	F	Female	214	230	196	200	233	261	179	227	207	249	188	336	137	191	258	274	203	255	138	146	201	201	10/4/2011	Cougar Dam to Bridge	2011
CBD_11_550	F	Female	222	222	188	198	185	233	179	187	243	273	324	328	115	181	238	258	239	259	164	164	199	227	10/4/2011	Cougar Dam to Bridge	2011
CBD_11_551	F	Female	190	234	248	252	229	237	175	201	223	223	316	336	159	181	242	282	195	255	142	164	233	233	10/4/2011	Cougar Dam to Bridge	2011
CBD_11_552	F	Female	222	230	196	204	169	229	145	201	211	233	316	348	197	231	230	242	187	263	142	146	201	237	10/4/2011	Bridge to Mouth	2011
CBD_11_554	M	Female	186	202	154	196	229	241	175	183	243	281	316	336	231	245	242	262	219	243	146	180	201	201	10/4/2011	Bridge to Mouth	2011
CBD_11_555	F	Male	186	296	158	238	217	237	163	187	211	251	244	244	191	197	220	242	203	219	142	164	201	201	10/4/2011	Bridge to Mouth	2011
CBD_11_556	F	Female	218	226	154	158	181	237	163	201	247	257	288	312	231	249	246	262	203	247	142	152	199	233	10/4/2011	Bridge to Mouth	2011
CBD_11_557	F	Female	186	206	154	274	241	261	179	227	241	261	264	276	119	191	262	262	183	183	146	176	193	233	10/4/2011	Bridge to Mouth	2011
CBD_11_558	F	Female	174	230	196	240	217	233	163	175	249	269	336	352	163	187	216	282	239	279	134	142	219	233	10/4/2011	Bridge to Mouth	2011
CBD_11_562	F	Female	190	222	150	184	233	281	175	235	233	261	296	406	187	229	254	262	191	203	142	160	199	199	10/12/2011	Cougar Dam to Bridge	2011
CBD_11_563	M	Male	206	206	250	258	217	265	231	231	207	245	244	340	115	159	238	266	183	195	168	172	201	201	9/13/2011	Cougar Dam to Bridge	2011
CBD_11_564	F	Female	202	234	200	288	225	261	175	201	223	243	272	280	181	185	270	290	195	211	152	152	201	221	9/13/2011	Cougar Dam to Bridge	2011
CBD_11_567	F	Female	198	226	158	198	181	229	175	235	179	265	284	328	175	197	234	266	195	219	142	146	233	233	9/13/2011	Cougar Dam to Bridge	2011
CBD_11_568	F	Female	202	226	196	196	205	237	175	179	219	241	316	328	115	115	250	266	191	199	152	164	219	221	10/14/2011	Bridge to Mouth	2011
CBD_11_569	F	Female	186	190	200	240	213	261	179	191	207	265	236	312	161	227	262	278	227	231	146	160	233	233	10/14/2011	Bridge to Mouth	2011
CBD_11_uk_1	UK	Female	0	0	0	0	0	0	0	0	0	0	0	0	0	0	0	0	0	0	0	0	0	0	10/4/2011	Cougar Dam to Bridge	2011
CBD_11_uk_10	UK	Female	0	0	0	0	0	0	0	0	0	0	0	0	0	0	0	0	0	0	0	0	0	0	10/10/2011	Cougar Dam to Bridge	2011
CBD_11_uk_11	UK	Female	0	0	0	0	0	0	0	0	0	0	0	0	0	0	0	0	0	0	0	0	0	0	10/10/2011	Bridge to Mouth	2011
CBD_11_uk_12	UK	Female	0	0	0	0	0	0	0	0	0	0	0	0	0	0	0	0	0	0	0	0	0	0	10/10/2011	Bridge to Mouth	2011
CBD_11_uk_13	UK	Male	0	0	0	0	0	0	0	0	0	0	0	0	0	0	0	0	0	0	0	0	0	0	10/10/2011	Cougar Dam to Bridge	2011
CBD_11_uk_2	UK	Female	0	0	0	0	0	0	0	0	0	0	0	0	0	0	0	0	0	0	0	0	0	0	9/28/2011	Bridge to Mouth	2011
CBD_11_uk_3	UK	Female	0	0	0	0	0	0	0	0	0	0	0	0	0	0	0	0	0	0	0	0	0	0	9/28/2011	Bridge to Mouth	2011
CBD_11_uk_4	UK	Male	0	0	0	0	0	0	0	0	0	0	0	0	0	0	0	0	0	0	0	0	0	0	10/4/2011	Cougar Dam to Bridge	2011
CBD_11_uk_5	UK	Female	0	0	0	0	0	0	0	0	0	0	0	0	0	0	0	0	0	0	0	0	0	0	10/4/2011	Cougar Dam to Bridge	2011
CBD_11_uk_6	UK	Male	0	0	0	0	0	0	0	0	0	0	0	0	0	0	0	0	0	0	0	0	0	0	10/4/2011	Bridge to Mouth	2011
CBD_11_uk_7	UK	Male	0	0	0	0	0	0	0	0	0	0	0	0	0	0	0	0	0	0	0	0	0	0	9/13/2011	Cougar Dam to Bridge	2011
CBD_11_uk_8	UK	Female	0	0	0	0	0	0	0	0	0	0	0	0	0	0	0	0	0	0	0	0	0	0	9/13/2011	Cougar Dam to Bridge	2011
CBD_11_uk_9	UK	Female	0	0	0	0	0	0	0	0	0	0	0	0	0	0	0	0	0	0	0	0	0	0	10/10/2011	Cougar Dam to Bridge	2011
CBD_12_3002	F	Female	222	226	232	240	237	281	159	231	249	253	188	344	174	235	200	278	195	207	134	160	199	233	9/20/2012	Cougar Dam to Bridge	2012
CBD_12_3004	F	Female	186	218	200	200	229	245	129	187	223	287	188	418	181	193	274	274	199	235	142	152	199	221	9/20/2012	Cougar Dam to Bridge	2012
CBD_12_3009	F	Female	186	226	200	216	181	241	175	191	249	249	316	320	115	185	242	250	207	247	138	142	221	227	10/2/2012	Bridge to Mouth	2012
CBD_12_3011	M	Male	182	230	154	186	209	233	175	231	241	249	284	332	115	115	262	262	207	227	138	168	203	219	7/3/2012	Cougar Dam to Bridge	2012
CBD_12_3031	F	Female	202	222	216	246	229	281	223	235	249	287	312	332	133	191	234	262	223	263	160	160	201	237	9/24/2012	Cougar Dam to Bridge	2012
CBD_12_3032	M	Male	182	202	158	254	225	233	163	175	243	261	348	364	115	197	270	274	199	227	134	138	199	199	9/24/2012	Cougar Dam to Bridge	2012
CBD_12_3033	F	Female	226	230	154	208	217	249	159	179	239	247	236	332	193	235	266	270	203	219	164	172	193	207	9/24/2012	Cougar Dam to Bridge	2012
CBD_12_3043	F	Female	218	230	208	240	229	249	155	199	257	269	280	352	185	257	250	270	227	259	134	152	201	227	10/11/2012	Cougar Dam to Bridge	2012
CBD_12_3046	M	Female	182	230	154	186	209	233	175	231	241	249	284	332	115	115	262	262	207	227	138	168	203	219	10/11/2012	Cougar Dam to Bridge	2012
CBD_12_3047	F	Female	170	218	154	188	225	229	175	183	237	249	280	308	115	185	234	262	191	207	146	160	201	233	10/11/2012	Cougar Dam to Bridge	2012
CBD_12_3048	F	Female	230	234	154	198	217	229	231	231	265	265	324	348	137	161	266	274	231	255	142	160	233	237	10/11/2012	Bridge to Mouth	2012
CBD_12_uk_1	UK	Male	0	0	0	0	0	0	0	0	0	0	0	0	0	0	0	0	0	0	0	0	0	0	10/15/2012	Bridge to Mouth	2012
CBD_12_uk_2	UK	Female	0	0	0	0	0	0	0	0	0	0	0	0	0	0	0	0	0	0	0	0	0	0	10/11/2012	Cougar Dam to Bridge	2012
CBD_12_uk_3	UK	Female	0	0	0	0	0	0	0	0	0	0	0	0	0	0	0	0	0	0	0	0	0	0	10/11/2012	Cougar Dam to Bridge	2012
CBD_13_2042	M	Female	230	230	158	278	229	261	145	179	241	243	188	280	161	219	242	262	235	247	164	204	205	237	10/4/2013	Bridge to Mouth	2013
CBD_13_2054	M	Female	166	230	154	154	229	233	179	235	249	281	320	356	115	137	266	266	211	211	138	160	193	199	10/4/2013	Cougar Dam to Bridge	2013
CBD_13_2055	F	Female	202	230	180	258	185	237	145	183	277	277	328	336	191	247	246	282	183	231	152	160	199	227	10/4/2013	Cougar Dam to Bridge	2013
CBD_13_3023	F	Female	170	178	192	242	225	257	179	227	241	243	276	336	233	237	258	278	199	223	142	164	221	233	10/7/2013	Cougar Dam to Bridge	2013
CBD_13_3026	M	Male	170	218	188	232	237	273	179	231	233	243	272	320	189	191	246	282	195	203	172	204	193	201	10/1/2013	Cougar Dam to Bridge	2013
CBD_13_uk1	UK	Female	0	0	0	0	0	0	0	0	0	0	0	0	0	0	0	0	0	0	0	0	0	0	10/4/2013	Cougar Dam to Bridge	2013
CBD_13_uk2	UK	Male	0	0	0	0	0	0	0	0	0	0	0	0	0	0	0	0	0	0	0	0	0	0	9/12/2013	Bridge to Mouth	2013
CBD_13_uk3	UK	Male	0	0	0	0	0	0	0	0	0	0	0	0	0	0	0	0	0	0	0	0	0	0	9/26/2013	Cougar Dam to Bridge	2013
DNW	UK	Male	0	0	0	0	0	0	0	0	0	0	0	0	0	0	0	0	0	0	0	0	0	0	9/28/2011	Bridge to Mouth	2011
MRSS14_2002	F	F	190	226	200	226	225	233	187	235	229	233	320	324	181	237	262	286	187	227	160	172	193	199	7/7/2014	Leaburg Dam to Leaburg Landing	2014
MRSS14_2003	M	M	182	222	198	240	177	277	179	207	277	281	236	236	161	181	242	258	199	207	146	212	199	201	7/21/2014	Leaburg Dam to Leaburg Landing	2014
MRSS14_2004	M	M	162	288	216	240	245	265	223	231	241	281	236	276	139	187	270	286	203	203	138	146	199	233	9/15/2014	Leaburg Dam to Leaburg Landing	2014
MRSS14_2005	M	F	222	226	196	198	0	0	0	0	269	287	276	394	197	241	0	0	0	0	146	160	233	237	9/15/2014	Leaburg Dam to Leaburg Landing	2014
MRSS14_2006	UK	M	222	234	200	240	0	0	0	0	0	0	0	0	119	137	0	0	0	0	0	0	193	205	9/15/2014	Leaburg Dam to Leaburg Landing	2014
MRSS14_2007	F	F	190	194	154	246	205	225	163	183	243	287	344	398	187	245	238	242	195	235	146	164	199	233	9/15/2014	Leaburg Dam to Leaburg Landing	2014
MRSS14_2008	F	F	190	222	196	198	261	281	201	235	257	261	240	312	141	181	200	242	231	235	164	168	201	221	9/15/2014	Leaburg Dam to Leaburg Landing	2014
MRSS14_2009	F	M	218	222	180	192	225	249	159	231	243	261	272	340	161	181	242	278	179	255	138	142	199	227	9/22/2014	Leaburg Dam to Leaburg Landing	2014
MRSS14_2010	M	F	190	230	184	200	233	301	175	183	249	255	320	356	115	191	0	0	0	0	152	156	221	233	9/22/2014	Leaburg Dam to Leaburg Landing	2014
MRSS14_2011	F	F	190	218	196	246	233	261	167	183	207	269	316	324	115	191	262	270	199	219	134	160	207	227	9/19/2014	Leaburg Dam to Leaburg Landing	2014
MRSS14_2012	F	F	186	214	154	176	233	273	155	179	211	249	256	328	137	229	246	290	235	235	138	142	203	227	9/19/2014	Leaburg Dam to Leaburg Landing	2014
MRSS14_2013	M	F	170	198	158	258	209	229	159	231	240	248	288	348	115	161	242	270	195	243	142	146	199	233	9/22/2014	Leaburg Dam to Leaburg Landing	2014
MRSS14_2014	UK	M	0	0	0	0	0	0	0	0	0	0	0	0	0	0	0	0	0	0	0	0	0	0	9/22/2014	Leaburg Dam to Leaburg Landing	2014
MRSS14_2015	M	M	230	234	154	158	225	277	145	231	183	241	316	336	195	219	242	282	211	227	142	152	227	233	9/22/2014	Leaburg Dam to Leaburg Landing	2014
MRSS14_2016	M	M	182	230	154	200	185	257	201	231	243	243	332	332	191	219	242	282	223	227	138	142	193	199	9/22/2014	Leaburg Dam to Leaburg Landing	2014
MRSS14_2017	F	F	234	284	154	200	169	237	159	175	247	257	324	340	165	197	266	278	183	191	156	168	193	221	9/22/2014	Leaburg Dam to Leaburg Landing	2014
MRSS14_2018	F	F	190	210	154	196	233	237	175	223	257	281	332	406	191	227	242	274	199	207	152	160	201	203	9/22/2014	Leaburg Dam to Leaburg Landing	2014
MRSS14_2019	M	M	0	0	0	0	0	0	0	0	0	0	316	328	0	0	0	0	0	0	0	0	0	0	9/22/2014	Leaburg Dam to Leaburg Landing	2014
MRSS14_2020	M	M	202	234	150	236	0	0	0	0	0	0	0	0	115	137	0	0	0	0	0	0	227	233	9/22/2014	Leaburg Dam to Leaburg Landing	2014
MRSS14_2021	M	M	202	230	262	262	209	249	183	183	243	243	312	320	115	261	242	274	235	243	138	138	199	233	9/22/2014	Leaburg Dam to Leaburg Landing	2014
MRSS14_2022	UK	M	202	222	196	196	0	0	0	0	0	0	0	0	137	187	0	0	0	0	0	0	193	199	9/22/2014	Leaburg Dam to Leaburg Landing	2014
MRSS14_2023	M	M	186	210	154	192	209	281	179	183	243	253	312	332	209	237	242	270	227	235	142	164	199	221	9/22/2014	Leaburg Dam to Leaburg Landing	2014
MRSS14_2024	M	M	202	234	154	176	177	253	201	227	243	243	360	376	203	245	242	282	187	199	146	220	199	227	9/22/2014	Leaburg Dam to Leaburg Landing	2014
MRSS14_2025	UK	F	0	0	0	0	0	0	0	0	207	247	324	340	0	0	0	0	0	0	142	164	0	0	9/23/2014	Avenue Creek to Bridge	2014
MRSS14_2027	F	F	194	202	158	200	237	253	231	231	241	249	184	324	115	161	234	258	231	243	146	156	227	233	9/29/2014	Avenue Creek to Bridge	2014
MRSS14_2028	M	M	174	210	188	196	241	261	159	183	241	253	264	316	201	223	242	258	207	302	142	152	203	237	9/29/2014	Avenue Creek to Bridge	2014
MRSS14_2029	M	M	182	230	154	158	229	237	179	191	229	269	312	324	181	191	242	290	203	267	142	204	199	203	10/15/2014	Leaburg Dam to Leaburg Landing	2014
MRSS14_2031	F	F	166	202	192	196	265	281	179	235	247	273	236	312	197	235	238	246	255	289	152	164	201	237	9/30/2014	Forest Glen to Rosboro Bridge	2014
MRSS14_2032	F	F	202	202	154	212	249	277	179	223	251	269	188	236	163	177	242	242	199	223	134	160	199	203	9/30/2014	Forest Glen to Rosboro Bridge	2014
MRSS14_2033	M	M	186	234	154	196	241	249	187	231	247	265	324	348	137	191	238	242	207	235	134	138	193	199	9/30/2014	Forest Glen to Rosboro Bridge	2014
MRSS14_2034	M	F	182	190	154	200	177	229	191	201	243	247	332	402	191	191	262	262	255	255	184	184	201	221	9/30/2014	Forest Glen to Rosboro Bridge	2014
MRSS14_2035	UK	F	0	0	0	0	257	261	239	239	0	0	0	0	0	0	242	258	195	267	0	0	0	0	9/30/2014	Forest Glen to Rosboro Bridge	2014
MRSS14_2036	F	F	198	222	202	246	213	257	231	239	243	277	320	336	181	193	242	242	195	267	152	172	201	207	9/30/2014	Forest Glen to Rosboro Bridge	2014
MRSS14_2037	UK	F	0	0	0	0	221	273	175	239	0	0	0	0	0	0	212	286	293	293	0	0	0	0	9/30/2014	Forest Glen to Rosboro Bridge	2014
MRSS14_2038	M	M	186	226	212	244	233	249	175	183	207	261	276	312	181	185	262	266	227	243	142	142	193	201	9/30/2014	Forest Glen to Rosboro Bridge	2014
MRSS14_2039	M	M	222	230	196	196	205	229	201	201	219	269	304	394	133	227	238	246	207	235	160	180	207	227	9/30/2014	Rosboro Bridge to Ben & Kay	2014
MRSS14_2040	M	F	0	0	0	0	0	0	0	0	0	0	0	0	0	0	0	0	0	0	0	0	0	0	9/30/2014	Rosboro Bridge to Ben & Kay	2014
MRSS14_2041	M	M	190	226	196	216	213	237	175	227	211	243	300	320	187	249	242	242	231	243	142	200	201	201	10/2/2014	Leaburg Dam to Leaburg Landing	2014
MRSS14_2042	M	M	206	234	196	200	0	0	0	0	241	265	320	328	197	203	0	0	0	0	142	188	201	227	10/2/2014	Leaburg Dam to Leaburg Landing	2014
MRSS14_2043	UK	F	0	0	0	0	229	261	175	183	229	269	280	312	0	0	0	0	0	0	142	212	0	0	9/23/2014	Bridge to Mouth	2014
MRSS14_2044	M	M	226	226	154	188	225	233	187	231	239	269	244	320	161	199	258	290	195	195	152	168	199	233	10/2/2014	Leaburg Dam to Leaburg Landing	2014
MRSS14_2048	F	F	194	230	154	192	169	261	179	227	243	249	280	340	119	189	242	278	207	255	138	160	207	219	9/23/2014	Bridge to Mouth	2014
MRSS14_2049	F	F	222	230	198	376	209	249	159	239	233	273	236	316	115	193	238	246	195	207	142	152	199	199	9/29/2014	Bridge to Mouth	2014
MRSS14_2051	M	M	170	222	200	250	193	225	163	175	241	247	300	344	159	185	282	282	195	199	142	168	205	233	9/16/2014	Avenue Creek to Bridge	2014
MRSS14_2052	M	M	0	0	0	0	0	0	0	0	0	0	0	0	0	0	0	0	0	0	0	0	0	0	10/2/2014	Leaburg Dam to Leaburg Landing	2014
MRSS14_2053	M	F	182	190	158	196	245	261	159	187	269	287	184	252	197	233	274	274	203	259	134	164	193	237	9/30/2014	Rosboro Bridge to Ben & Kay	2014
MRSS14_2055	M	M	170	186	154	242	189	233	145	175	249	265	188	332	115	135	220	242	203	235	146	164	199	201	9/30/2014	Rosboro Bridge to Ben & Kay	2014
MRSS14_2056	M	M	182	198	184	244	205	297	191	235	273	281	332	406	185	235	200	258	187	195	134	212	197	227	9/30/2014	Forest Glen to Rosboro Bridge	2014
MRSS14_2057	M	M	190	218	180	240	165	209	187	227	253	257	320	324	191	207	238	250	247	267	138	142	199	201	9/30/2014	Forest Glen to Rosboro Bridge	2014
MRSS14_2058	M	F	202	230	180	240	189	217	163	179	262	270	0	0	179	191	282	282	199	267	168	172	201	201	9/30/2014	Forest Glen to Rosboro Bridge	2014
MRSS14_2059	UK	M	202	202	184	198	0	0	0	0	0	0	0	0	133	141	0	0	0	0	0	0	193	201	9/30/2014	Forest Glen to Rosboro Bridge	2014
MRSS14_2060	F	F	182	234	158	278	221	265	183	201	207	243	288	312	115	185	242	266	203	227	152	160	199	237	9/30/2014	Forest Glen to Rosboro Bridge	2014
MRSS14_2061	F	F	202	234	176	260	173	237	163	227	245	269	236	324	135	235	200	250	235	239	146	192	199	227	9/30/2014	Forest Glen to Rosboro Bridge	2014
MRSS14_2062	UK	M	0	0	0	0	0	0	0	0	0	0	0	0	0	0	0	0	0	0	0	0	0	0	9/30/2014	Forest Glen to Rosboro Bridge	2014
MRSS14_2063	M	M	202	230	154	196	177	209	175	179	241	281	308	352	187	245	200	258	199	239	152	160	193	205	9/30/2014	Forest Glen to Rosboro Bridge	2014
MRSS14_2064	M	M	166	190	196	246	173	265	179	183	245	281	328	332	141	161	238	242	0	0	134	164	199	201	9/30/2014	Forest Glen to Rosboro Bridge	2014
MRSS14_2065	M	M	190	206	154	248	217	261	183	201	243	269	292	312	139	201	262	290	199	259	142	146	199	201	9/30/2014	Forest Glen to Rosboro Bridge	2014
MRSS14_2066	M	M	0	0	0	0	0	0	0	0	0	0	0	0	0	0	0	0	0	0	0	0	0	0	9/30/2014	Forest Glen to Rosboro Bridge	2014
MRSS14_2067	UK	F	0	0	0	0	0	0	0	0	0	0	0	0	0	0	0	0	0	0	0	0	0	0	9/30/2014	Forest Glen to Rosboro Bridge	2014
MRSS14_2068	M	M	198	230	236	240	209	225	155	179	207	239	264	280	177	227	266	266	203	203	152	152	199	201	9/30/2014	Forest Glen to Rosboro Bridge	2014
MRSS14_2069	M	F	230	230	242	242	0	0	0	0	0	0	0	0	115	141	0	0	0	0	0	0	199	205	9/30/2014	Rosboro Bridge to Ben & Kay	2014
MRSS14_2070	M	M	186	226	216	274	181	257	183	183	241	281	256	352	141	197	258	270	183	243	138	176	193	193	9/30/2014	Rosboro Bridge to Ben & Kay	2014
MRSS14_2071	M	M	186	226	216	274	181	257	183	183	241	281	256	352	141	197	258	270	183	243	138	176	193	193	9/30/2014	Rosboro Bridge to Ben & Kay	2014
MRSS14_2072	UK	F	0	0	0	0	0	0	0	0	0	0	0	0	0	0	0	0	0	0	0	0	0	0	10/6/2014	Forest Glen to Rosboro Bridge	2014
MRSS14_2073	UK	F	0	0	0	0	0	0	0	0	0	0	0	0	0	0	0	0	0	0	0	0	0	0	10/6/2014	Forest Glen to Rosboro Bridge	2014
MRSS14_2074	UK	M	0	0	0	0	0	0	0	0	0	0	0	0	0	0	0	0	0	0	0	0	0	0	10/6/2014	Forest Glen to Rosboro Bridge	2014
MRSS14_2075	UK	F	182	238	212	278	0	0	0	0	0	0	0	0	115	137	0	0	0	0	0	0	201	201	10/6/2014	Forest Glen to Rosboro Bridge	2014
MRSS14_2076	M	M	0	0	0	0	0	0	0	0	0	0	0	0	0	0	0	0	0	0	0	0	0	0	10/6/2014	Rosboro Bridge to Ben & Kay	2014
MRSS14_2077	M	M	218	222	154	198	205	269	167	171	207	249	184	360	233	251	242	262	219	255	138	164	201	233	10/6/2014	Rosboro Bridge to Ben & Kay	2014
MRSS14_2078	F	F	198	234	196	242	233	237	175	231	241	261	324	340	161	163	282	290	195	259	146	152	219	233	10/6/2014	Rosboro Bridge to Ben & Kay	2014
MRSS14_2079	F	F	198	234	196	242	233	237	175	231	241	261	324	340	161	163	282	290	195	259	146	152	219	233	10/6/2014	Rosboro Bridge to Ben & Kay	2014
MRSS14_2081	M	M	170	194	154	158	217	241	175	231	269	273	240	384	177	211	226	238	207	259	138	142	199	199	9/22/2014	McKenzie Trail to McKenzie Bridge	2014
MRSS14_2082	F	F	170	230	200	254	177	181	179	227	243	249	312	336	195	219	234	242	235	255	134	146	193	199	9/22/2014	McKenzie Bridge to Hamlin	2014
MRSS14_2083	M	M	202	230	192	200	205	257	175	235	211	243	316	332	181	195	234	262	187	305	142	164	193	221	9/22/2014	South Fork McKenzie to Forest Glen	2014
MRSS14_2084	F	F	186	238	154	158	233	249	175	243	243	243	312	312	187	189	242	282	195	235	138	160	203	237	10/9/2014	Road Access to Braids	2014
MRSS14_2085	UK	F	186	230	240	258	237	277	159	231	249	281	244	300	141	201	234	258	255	255	138	164	201	201	10/9/2014	Avenue Creek to Bridge	2014
MRSS14_2086	F	F	190	230	154	200	177	221	149	171	253	265	308	312	161	233	242	262	255	302	152	168	233	237	10/9/2014	Avenue Creek to Bridge	2014
MRSS14_2087	F	F	194	230	158	254	209	213	149	175	223	243	188	188	185	191	234	238	195	219	142	152	203	205	10/9/2014	Avenue Creek to Bridge	2014
MRSS14_2088	M	M	230	238	192	204	257	277	183	231	171	265	328	336	161	185	234	258	199	219	142	146	201	207	10/9/2014	Avenue Creek to Bridge	2014
MRSS14_2089	F	F	202	230	196	198	229	229	187	195	223	229	316	352	185	235	270	282	255	273	146	160	199	199	10/9/2014	Avenue Creek to Bridge	2014
MRSS14_2092	F	F	186	230	154	246	241	253	179	231	243	273	236	384	233	249	0	0	0	0	142	160	193	199	10/2/2014	McKenzie Bridge to Hamlin	2014
MRSS14_2094	M	M	230	230	236	250	261	281	187	187	229	247	308	324	233	233	234	242	195	195	142	142	193	219	10/2/2014	McKenzie Bridge to Hamlin	2014
MRSS14_2095	UK	M	194	194	198	254	205	237	183	191	0	0	0	0	177	185	0	0	0	0	0	0	199	201	10/2/2014	McKenzie Bridge to Hamlin	2014
MRSS14_2096	F	F	190	230	158	192	209	277	179	219	249	253	264	376	115	241	258	278	207	227	156	168	201	227	10/2/2014	McKenzie Trail to McKenzie Bridge	2014
MRSS14_2097	UK	F	186	234	154	216	0	0	0	0	0	0	0	0	181	191	0	0	0	0	0	0	193	227	10/15/2014	Leaburg Dam to Leaburg Landing	2014
MRSS14_2098	M	M	166	202	236	250	181	237	223	231	259	265	276	336	139	235	234	278	195	207	146	164	233	237	10/15/2014	Leaburg Dam to Leaburg Landing	2014
MRSS14_2100	UK	M	0	0	0	0	0	0	0	0	223	235	328	348	0	0	0	0	0	0	152	160	0	0	10/15/2014	Helfrich to Leaburg Lake	2014
MRSS14_2101	M	M	190	226	186	232	241	249	159	175	249	253	280	284	137	161	250	286	183	227	146	152	193	193	10/2/2014	Olallie Campground to Belknap	2014
MRSS14_2102	F	F	198	230	250	250	181	233	175	227	207	243	240	320	187	187	200	282	195	219	142	152	201	233	10/2/2014	Paradise to McKenzie Trail	2014
MRSS14_2103	UK	F	190	230	180	250	0	0	0	0	0	0	0	0	161	197	0	0	0	0	0	0	203	219	10/2/2014	Paradise to McKenzie Trail	2014
MRSS14_2104	F	F	206	226	158	236	229	249	179	187	247	273	308	332	191	221	234	262	207	318	152	164	203	233	10/2/2014	Paradise to McKenzie Trail	2014
MRSS14_2111	M	F	186	226	250	250	237	241	175	201	249	273	256	392	189	249	238	270	243	247	146	164	199	207	10/2/2014	Belknap to Paradise	2014
MRSS14_3006	F	F	190	234	150	154	233	245	159	175	265	277	340	406	115	181	238	266	255	269	160	176	203	219	9/18/2014	Bridge to Mouth	2014
MRSS14_3007	M	M	170	190	154	158	209	293	183	235	247	273	324	332	155	161	220	278	203	239	138	204	199	201	9/25/2014	Cougar Dam to Bridge	2014
MRSS14_3008	M	M	214	222	242	242	249	293	175	175	247	261	284	328	115	181	238	262	235	279	146	164	199	199	9/25/2014	Cougar Dam to Bridge	2014
MRSS14_3009	F	F	182	202	196	250	229	249	159	175	241	261	304	352	115	233	266	270	203	219	146	164	199	205	9/25/2014	Bridge to Mouth	2014
MRSS14_3010	UK	F	0	0	0	0	0	0	0	0	0	0	0	0	0	0	0	0	0	0	0	0	0	0	9/23/2014	Elk Creek to Frissel Campground	2014
MRSS14_3012	M	M	202	210	180	254	185	277	183	207	223	261	272	380	185	227	234	242	227	231	142	156	199	201	9/30/2014	Twin Springs Campground to Homestead Campground	2014
MRSS14_3015	F	F	190	222	158	250	281	289	175	201	207	269	312	320	165	197	242	270	195	235	160	184	199	237	10/2/2014	Cougar Dam to Bridge	2014
MRSS14_3016	F	F	182	222	200	278	257	289	163	239	239	247	324	336	137	191	242	278	199	239	138	152	193	201	10/2/2014	Cougar Dam to Bridge	2014
MRSS14_3017	UK	F	0	0	0	0	0	0	0	0	0	0	0	0	0	0	0	0	0	0	0	0	0	0	10/2/2014	Cougar Dam to Bridge	2014
MRSS14_3018	F	F	198	230	154	212	229	237	175	201	207	219	188	324	161	221	200	246	227	239	142	152	193	233	10/2/2014	Cougar Dam to Bridge	2014
MRSS14_3019	UK	F	0	0	0	0	253	277	201	201	0	0	0	0	0	0	246	290	255	259	0	0	0	0	10/2/2014	Cougar Dam to Bridge	2014
MRSS14_3020	M	M	226	234	186	198	213	245	163	201	239	255	308	316	185	203	254	274	195	239	152	168	193	201	10/2/2014	Cougar Dam to Bridge	2014
MRSS14_3021	F	F	186	230	186	310	177	253	183	239	261	269	316	360	115	203	258	270	199	235	138	212	221	233	10/2/2014	Cougar Dam to Bridge	2014
MRSS14_3024	M	M	202	210	154	188	217	253	187	231	239	241	244	332	191	197	258	262	183	195	152	156	199	199	10/2/2014	Cougar Dam to Bridge	2014
MRSS14_3026	UK	M	218	230	190	190	0	0	0	0	245	249	0	0	165	191	0	0	0	0	134	142	199	201	10/2/2014	Bridge to Mouth	2014
MRSS14_3027	M	M	182	198	154	204	225	281	159	183	243	253	328	328	181	233	246	306	0	0	146	164	201	201	10/2/2014	Bridge to Mouth	2014
MRSS14_3028	F	F	186	190	212	248	253	277	179	227	243	253	272	312	157	197	242	258	199	219	134	164	199	201	10/2/2014	Bridge to Mouth	2014
MRSS14_3030	UK	F	0	0	0	0	0	0	0	0	0	0	0	0	0	0	0	0	0	0	0	0	0	0	10/2/2014	Bridge to Mouth	2014
MRSS14_3034	F	F	162	198	198	250	217	237	155	175	239	245	328	340	135	249	270	286	195	259	152	160	229	229	10/8/2014	Cougar Dam to Bridge	2014
MRSS14_3037	M	M	182	238	150	216	185	217	163	183	249	281	332	352	115	197	258	274	183	219	164	164	199	201	9/23/2014	Frissel Campground to Roaring River	2014
MRSS14_3039	UK	M	0	0	0	0	0	0	0	0	0	0	0	0	0	0	0	0	0	0	0	0	0	0	10/8/2014	Cougar Dam to Bridge	2014
MRSS14_3040	F	F	222	296	196	244	241	257	163	231	245	249	316	336	119	219	242	250	207	239	142	146	193	227	10/2/2014	Bridge to Mouth	2014
MRSS14_3043	UK	F	170	230	154	216	0	0	0	0	0	0	0	0	161	177	0	0	0	0	0	0	201	207	10/8/2014	Cougar Dam to Bridge	2014
MRSS14_4095	F	F	186	230	186	254	233	249	175	227	247	251	304	324	203	269	238	242	199	199	138	146	227	237	9/18/2014	Cougar Dam to Bridge	2014
MRSS14_4205	UK	M	0	0	0	0	0	0	0	0	0	0	0	0	0	0	0	0	0	0	0	0	0	0	10/7/2014	NFD 1980 Bridge to Cougar Reservoir	2014
MRSS14_4206	UK	F	0	0	0	0	0	0	0	0	0	0	0	0	0	0	0	0	0	0	0	0	0	0	10/7/2014	NFD 1980 Bridge to Cougar Reservoir	2014
MRSS15_3001	UK	F	0	0	0	0	0	0	0	0	0	0	0	0	0	0	0	0	0	0	0	0	0	0	8/18/2015	Cougar Dam to Bridge	2015
MRSS15_3002	M	F	190	218	180	254	0	0	0	0	261	269	188	188	187	191	226	262	215	267	146	184	199	201	9/24/2015	Bridge to Mouth	2015
MRSS15_3003	F	F	182	210	196	240	177	237	175	187	233	277	188	392	181	181	242	242	231	239	142	146	201	233	7/15/2015	Bridge to Mouth	2015
MRSS15_3004	UK	M	0	0	0	0	0	0	0	0	233	241	188	272	0	0	0	0	0	0	152	152	0	0	9/24/2015	Cougar Dam to Bridge	2015
MRSS15_3005	UK	F	0	0	0	0	0	0	0	0	249	249	188	188	0	0	0	0	0	0	146	164	0	0	10/14/2015	Dutch Oven Campground to Rebel Creek	2015
MRSS15_3006	UK	F	0	0	0	0	0	0	0	0	0	0	0	0	0	0	0	0	0	0	0	0	0	0	10/14/2015	Rebel Creek to NFD 1980 Bridge	2015
MRSS15_3011	UK	F	0	0	0	0	0	0	0	0	229	261	188	284	0	0	0	0	0	0	146	146	0	0	9/24/2015	Cougar Dam to Bridge	2015
MRSS15_3012	M	F	194	222	196	274	261	281	183	187	219	249	324	332	115	177	258	282	199	251	164	212	205	227	9/24/2015	Cougar Dam to Bridge	2015
MRSS15_3013	UK	F	0	0	0	0	0	0	0	0	0	0	0	0	0	0	0	0	0	0	0	0	0	0	9/24/2015	Cougar Dam to Bridge	2015
MRSS15_3014	F	F	210	222	192	242	233	277	159	191	207	265	308	356	185	235	234	286	195	255	142	146	201	237	9/24/2015	Cougar Dam to Bridge	2015
MRSS15_3015	M	M	186	234	200	236	229	237	163	175	243	265	340	348	181	223	238	258	211	279	138	142	201	233	9/24/2015	Cougar Dam to Bridge	2015
MRSS15_3016	M	M	202	218	250	281	237	265	175	231	207	229	312	340	115	249	242	266	183	247	142	168	201	201	9/24/2015	Cougar Dam to Bridge	2015
MRSS15_3020	M	M	226	230	154	240	225	293	163	183	261	265	188	328	161	199	220	266	195	195	138	184	199	201	9/8/2015	Bridge to Mouth	2015
MRSS15_3021	F	F	194	230	200	260	229	277	187	235	223	261	336	352	181	197	200	234	199	235	142	146	199	233	9/24/2015	Cougar Dam to Bridge	2015
MRSS15_3022	UK	M	0	0	0	0	0	0	0	0	253	265	188	328	0	0	0	0	0	0	152	212	0	0	9/17/2015	Cougar Dam to Bridge	2015
MRSS15_3023	UK	F	0	0	0	0	0	0	0	0	265	265	316	336	0	0	0	0	0	0	0	0	0	0	9/24/2015	Cougar Dam to Bridge	2015
MRSS15_3024	UK	M	0	0	0	0	0	0	0	0	0	0	0	0	0	0	0	0	0	0	0	0	0	0	9/17/2015	Cougar Dam to Bridge	2015
MRSS15_3025	UK	M	0	0	0	0	0	0	0	0	0	0	0	0	0	0	0	0	0	0	0	0	0	0	9/24/2015	Cougar Dam to Bridge	2015
MRSS15_3026	UK	F	218	226	184	196	229	237	179	195	243	243	324	332	115	181	242	250	191	235	146	164	193	201	9/17/2015	Cougar Dam to Bridge	2015
MRSS15_3027	M	M	226	230	180	200	177	277	179	231	207	269	308	308	115	137	262	286	195	199	146	168	199	229	9/17/2015	Cougar Dam to Bridge	2015
MRSS15_3028	M	M	190	198	154	196	241	269	207	231	253	253	188	352	115	135	258	258	199	203	138	184	199	199	9/24/2015	Bridge to Mouth	2015
MRSS15_3029	M	M	202	218	250	281	237	265	175	231	207	229	312	340	115	249	242	266	183	247	142	168	201	201	9/24/2015	Cougar Dam to Bridge	2015
MRSS15_3030	UK	F	0	0	0	0	0	0	0	0	0	0	0	0	187	243	0	0	0	0	0	0	201	227	9/24/2015	Cougar Dam to Bridge	2015
MRSS15_3031	UK	F	0	0	0	0	0	0	0	0	249	277	0	0	0	0	0	0	0	0	152	152	0	0	10/8/2015	Cougar Dam to Bridge	2015
MRSS15_3034	UK	M	186	222	154	200	0	0	0	0	0	0	0	0	137	185	0	0	0	0	0	0	201	201	10/8/2015	Cougar Dam to Bridge	2015
MRSS15_3035	M	F	218	218	176	200	177	285	175	175	233	273	188	268	0	0	282	306	199	199	134	142	0	0	10/8/2015	Cougar Dam to Bridge	2015
MRSS15_3036	UK	M	0	0	0	0	0	0	0	0	239	265	188	320	0	0	0	0	0	0	164	164	0	0	10/8/2015	Cougar Dam to Bridge	2015
MRSS15_3037	F	F	210	276	154	198	241	273	145	179	249	249	324	398	187	193	242	258	203	235	142	146	205	233	10/8/2015	Cougar Dam to Bridge	2015
MRSS15_3038	UK	M	0	0	0	0	0	0	0	0	0	0	0	0	0	0	0	0	0	0	0	0	0	0	10/8/2015	Cougar Dam to Bridge	2015
MRSS15_3039	M	F	186	198	158	198	237	265	183	227	233	277	336	336	137	235	242	258	191	207	142	172	199	199	9/29/2015	Cougar Dam to Bridge	2015
MRSS15_3040	M	M	198	198	198	254	181	201	175	179	179	243	280	398	197	233	242	266	195	227	142	160	227	233	9/29/2015	Cougar Dam to Bridge	2015
MRSS15_3041	M	M	178	178	0	0	0	0	0	0	0	0	0	0	0	0	0	0	0	0	0	0	0	0	9/29/2015	Bridge to Mouth	2015
MRSS15_3042	M	F	0	0	0	0	0	0	0	0	0	0	0	0	0	0	0	0	0	0	0	0	0	0	10/8/2015	Cougar Dam to Bridge	2015
MRSS15_3043	M	F	0	0	0	0	241	297	159	179	249	253	332	332	0	0	242	286	195	207	164	200	0	0	10/8/2015	Cougar Dam to Bridge	2015
MRSS15_3044	UK	M	0	0	0	0	0	0	0	0	0	0	0	0	0	0	0	0	0	0	0	0	0	0	9/29/2015	Cougar Dam to Bridge	2015
MRSS15_3045	F	F	186	234	196	246	229	229	155	175	211	261	272	344	115	165	238	262	223	251	160	168	199	203	10/8/2015	Cougar Dam to Bridge	2015
MRSS15_3046	F	F	222	230	176	198	233	241	159	175	233	233	380	398	189	197	234	282	247	247	142	172	201	211	9/29/2015	Cougar Dam to Bridge	2015
MRSS15_3049	UK	M	0	0	0	0	0	0	0	0	0	0	0	0	0	0	0	0	0	0	0	0	0	0	10/8/2015	Cougar Dam to Bridge	2015
MRSS15_3051	F	F	182	194	196	196	233	253	175	201	207	249	300	328	193	197	238	242	203	247	142	164	207	219	9/29/2015	Bridge to Mouth	2015
MRSS15_3052	M	M	0	0	0	0	245	249	179	183	0	0	0	0	0	0	226	278	235	247	0	0	0	0	9/29/2015	Cougar Dam to Bridge	2015
MRSS15_3053	M	F	230	234	212	236	225	225	195	231	243	273	332	356	193	193	200	282	203	247	152	164	201	237	9/29/2015	Cougar Dam to Bridge	2015
MRSS15_3054	M	M	194	222	244	268	217	261	129	239	249	281	312	324	193	249	238	242	199	255	152	160	201	201	9/29/2015	Cougar Dam to Bridge	2015
MRSS15_3055	UK	F	0	0	0	0	0	0	0	0	0	0	0	0	0	0	0	0	0	0	0	0	0	0	9/29/2015	Cougar Dam to Bridge	2015
MRSS15_3057	UK	M	0	0	0	0	0	0	0	0	0	0	0	0	0	0	0	0	0	0	0	0	0	0	9/29/2015	Cougar Dam to Bridge	2015
MRSS15_3058	UK	M	0	0	0	0	0	0	0	0	0	0	0	0	0	0	0	0	0	0	0	0	0	0	9/29/2015	Cougar Dam to Bridge	2015
MRSS15_3059	UK	M	230	230	196	198	209	241	159	175	247	249	316	348	187	203	266	266	211	243	146	146	193	221	9/29/2015	Bridge to Mouth	2015
MRSS15_3060	M	M	190	230	184	202	245	261	175	231	241	243	280	332	115	193	246	258	207	219	168	220	193	199	9/29/2015	Cougar Dam to Bridge	2015
MRSS15_3104	UK	M	0	0	0	0	0	0	0	0	0	0	0	0	0	0	0	0	0	0	0	0	0	0	10/8/2015	Bridge to Mouth	2015
MRSS15_3108	UK	F	186	214	236	236	0	0	0	0	223	265	336	336	137	197	196	282	203	243	142	142	199	227	10/14/2015	Bridge to Mouth	2015
MRSS15_3112	F	F	202	214	216	242	181	229	159	239	235	251	312	312	161	197	238	258	199	239	142	164	199	227	9/17/2015	Bridge to Mouth	2015
MRSS15_3113	F	F	170	194	196	240	237	245	183	227	241	243	344	384	235	257	242	262	203	227	146	168	227	233	9/24/2015	Cougar Dam to Bridge	2015
MRSS15_3119	UK	M	198	222	154	314	229	237	163	183	207	215	188	332	137	177	242	246	235	235	138	138	199	233	10/14/2015	Cougar Dam to Bridge	2015
MRSS15_3132	UK	F	210	210	0	0	0	0	0	0	0	0	0	0	185	235	0	0	0	0	0	0	201	201	10/8/2015	Bridge to Mouth	2015
MRSS15_3195	M	F	0	0	250	281	0	0	0	0	0	0	0	0	115	249	0	0	0	0	0	0	201	233	9/24/2015	Cougar Dam to Bridge	2015
MRSS15_3196	UK	M	0	0	0	0	0	0	0	0	0	0	0	0	0	0	0	0	0	0	0	0	0	0	9/24/2015	Bridge to Mouth	2015
MRSS15_3197	M	M	190	198	176	192	217	229	155	227	239	269	188	324	135	201	234	274	243	263	138	146	199	201	9/24/2015	Cougar Dam to Bridge	2015
MRSS15_3198	M	F	194	234	196	196	0	0	0	0	0	0	0	0	187	219	0	0	0	0	0	0	203	219	9/24/2015	Cougar Dam to Bridge	2015
No Sample	UK	Male	0	0	0	0	0	0	0	0	0	0	0	0	0	0	0	0	0	0	0	0	0	0	10/4/2011	Cougar Dam to Bridge	2011
