OtsAC07SFMK_0003	190	226	176	192	237	237	207	239	261	277	272	394	137	253	250	286	199	203	134	146	201	201
OtsAC07SFMK_0004	190	202	184	212	229	257	201	231	239	261	332	360	187	197	238	278	235	259	164	164	201	221
OtsAC07SFMK_0005	198	202	154	212	181	181	201	235	239	243	288	394	197	229	262	278	247	267	134	146	201	233
OtsAC07SFMK_0008	218	226	176	198	237	261	163	175	235	243	280	312	191	203	254	274	259	267	142	160	193	199
OtsAC07SFMK_0009	222	222	154	258	177	229	179	231	223	277	332	352	191	191	258	266	199	215	142	168	201	201
OtsAC07SFMK_0010	198	226	184	254	229	229	175	231	249	261	320	336	201	225	266	290	183	195	146	160	199	199
OtsAC07SFMK_0011	226	230	154	238	205	209	175	175	243	265	312	312	159	177	226	238	203	243	138	146	201	237
OtsAC07SFMK_0012	182	194	150	154	217	229	183	195	247	253	268	402	137	231	234	242	219	247	138	168	201	227
OtsAC07SFMK_0013	226	230	198	258	213	253	231	235	255	265	188	414	141	181	200	258	203	231	142	164	201	227
OtsAC07SFMK_0014	198	222	250	254	229	237	175	179	229	243	264	284	137	161	286	290	195	199	138	160	201	237
OtsAC07SFMK_0017	190	222	196	240	185	257	159	235	265	273	394	402	191	249	242	254	207	243	140	152	199	237
OtsAC07SFMK_0018	202	238	188	196	193	249	183	243	243	269	280	280	165	229	234	274	195	195	146	160	201	227
OtsAC07SFMK_0026	190	202	180	200	229	241	175	175	229	261	332	348	157	197	238	262	235	247	138	142	203	237
OtsAC07SFMK_0027	194	202	198	200	261	277	179	227	243	273	324	406	187	191	242	274	211	259	142	164	199	201
OtsAC07SFMK_0030	222	222	180	198	237	237	159	179	239	243	348	402	137	249	246	270	203	239	134	168	227	229
OtsAC07SFMK_0035	218	226	154	200	181	201	159	179	229	239	236	398	185	197	266	290	195	235	142	160	201	233
OtsAC07SFMK_0036	194	226	158	176	181	233	163	179	249	269	312	356	187	197	242	274	219	227	142	160	199	203
OtsAC07SFMK_0037	182	194	230	236	173	229	159	179	253	269	344	406	231	239	242	282	207	255	146	204	221	221
OtsAC07SFMK_0039	186	186	186	242	229	249	183	231	233	247	252	418	181	195	238	242	235	239	142	142	199	207
OtsAC07SFMK_0040	198	222	242	254	269	281	175	175	239	249	284	332	185	193	242	258	203	231	160	168	199	199
OtsAC07SFMK_0049	170	178	154	246	181	229	163	227	241	243	188	324	235	253	234	242	227	227	146	242	203	221
OtsAC07SFMK_0053	190	222	196	212	213	261	171	175	261	265	280	308	181	243	238	270	199	199	142	164	199	201
OtsAC07SFMK_0055	230	234	154	254	169	245	163	163	243	281	340	380	203	243	238	274	279	283	142	142	221	221
OtsAC07SFMK_0058	186	202	154	266	233	241	159	183	235	253	184	276	115	195	246	290	227	235	138	168	199	205
OtsAC07SFMK_0059	214	230	238	242	261	265	183	199	249	277	316	348	193	197	234	258	199	203	142	142	193	201
OtsAC07SFMK_0061	202	234	250	250	177	233	159	239	237	241	320	332	137	191	242	262	195	199	152	176	199	201
OtsAC07SFMK_0062	194	194	244	254	249	265	179	227	243	243	188	280	177	227	262	286	199	227	138	160	193	201
OtsAC07SFMK_0069	210	222	196	196	241	281	179	187	237	243	284	284	115	193	242	282	179	223	138	164	0	0
OtsAC07SFMK_0070	186	194	186	198	185	241	163	179	207	249	332	340	119	193	234	262	199	223	146	168	193	201
OtsAC07SFMK_0072	198	234	180	246	225	261	159	199	249	261	336	376	135	195	234	282	207	235	146	164	201	233
OtsAC07SFMK_0073	222	226	154	192	269	281	201	207	243	261	280	296	233	249	266	286	199	227	142	152	0	0
OtsAC07SFMK_0074	182	202	180	184	217	257	159	201	239	261	332	360	193	227	238	278	183	235	160	164	0	0
OtsAC07SFMK_0075	186	198	192	196	237	241	187	201	243	249	320	336	175	249	226	266	219	219	142	152	221	233
OtsAC07SFMK_0076	230	234	184	188	209	245	187	223	243	243	332	336	119	193	242	254	195	255	138	152	201	201
OtsAC07SFMK_0077	186	222	154	176	237	277	175	201	269	273	280	332	181	201	250	282	199	227	152	152	201	201
OtsAC07SFMK_0078	190	234	154	236	217	229	159	201	237	243	276	284	193	227	250	270	243	259	142	176	221	233
OtsAC07SFMK_0080	190	202	158	246	177	289	179	239	237	281	316	356	137	181	242	242	199	235	152	164	193	193
OtsAC07SFMK_0082	210	218	154	180	177	233	179	179	239	249	184	184	193	195	234	262	239	243	142	204	199	203
OtsAC07SFMK_0086	202	222	166	196	209	257	179	235	265	273	316	332	191	235	242	254	183	239	152	220	227	237
OtsAC07SFMK_0087	214	230	154	176	237	261	175	183	211	265	236	312	161	219	242	270	203	223	152	160	233	233
OtsAC07SFMK_0089	174	194	154	180	209	213	163	191	245	257	316	348	183	197	238	266	195	227	134	146	201	227
OtsAC07SFMK_0090	182	222	200	258	209	277	201	227	249	273	0	0	173	197	200	262	199	223	160	176	199	233
OtsAC07SFMK_0096	190	198	150	186	237	249	175	175	219	239	320	328	135	219	238	246	235	243	142	168	199	205
OtsAC07SFMK_0097	194	226	184	236	185	229	159	159	233	261	188	380	193	231	234	274	211	227	146	146	201	201
OtsAC07SFMK_0099	226	230	200	254	177	237	187	201	229	245	316	328	185	203	238	242	191	259	142	212	199	201
OtsAC07SFMK_0100	190	190	158	240	237	297	163	183	255	261	340	344	181	197	266	274	215	219	142	152	201	237
OtsAC07SFMK_0106	218	222	150	262	213	237	179	179	243	261	312	332	115	191	270	274	199	247	164	168	199	201
OtsAC07SFMK_0107	198	222	158	240	209	229	175	231	229	245	394	418	181	249	238	286	239	259	134	168	199	201
OtsAC07SFMK_0112	182	230	154	242	209	241	163	231	243	261	256	360	115	165	266	278	183	239	156	212	203	203
OtsAC07SFMK_0113	186	230	200	250	189	293	163	163	243	253	284	340	119	193	258	274	227	259	138	168	219	233
OtsAC07SFMK_0114	190	218	154	196	217	229	175	175	239	251	344	348	115	135	242	258	211	219	142	168	199	201
OtsAC07SFMK_0122	194	226	150	158	181	233	179	201	239	249	312	340	115	187	262	262	219	227	142	164	201	233
OtsAC07SFMK_0124	226	230	154	254	237	245	163	163	243	249	316	380	193	241	238	274	227	283	142	142	221	221
OtsAC07SFMK_0129	222	226	154	200	177	253	159	179	249	249	332	332	185	197	250	290	195	195	142	160	199	233
OtsAC07SFMK_0131	194	226	158	176	185	229	163	163	239	269	312	340	187	197	262	262	219	227	142	160	199	203
OtsAC07SFMK_0133	182	226	236	392	181	241	183	235	233	261	312	414	181	241	238	238	219	247	142	146	193	199
OtsAC07SFMK_0139	190	230	254	274	245	249	159	159	243	247	332	344	191	197	250	266	255	259	164	184	199	237
OtsAC07SFMK_0141	182	230	150	236	177	277	179	231	249	265	188	312	191	209	278	278	203	227	138	152	237	237
OtsAC07SFMK_0142	226	234	154	186	205	257	179	183	243	249	304	356	161	235	242	282	227	255	160	164	203	205
OtsAC07SFMK_0148	186	230	180	274	237	241	183	191	243	269	316	332	191	231	242	250	191	263	142	146	201	221
OtsAC07SFMK_0149	190	234	158	392	177	209	175	239	223	235	280	328	189	241	220	234	223	235	164	200	201	201
OtsAC07SFMK_0150	202	222	176	244	209	209	175	187	237	249	300	320	137	197	242	290	199	199	160	176	201	233
OtsAC07SFMK_0151	178	230	242	250	181	285	159	179	207	273	252	252	115	235	266	274	243	259	142	146	193	233
OtsAC07SFMK_0153	198	202	200	254	229	289	159	231	255	257	264	264	115	191	278	278	227	255	138	164	201	233
OtsAC07SFMK_0156	190	234	154	242	217	245	201	231	237	243	276	332	183	227	262	270	235	259	138	142	221	233
OtsAC07SFMK_0159	186	222	154	186	225	241	163	175	257	269	276	332	115	235	274	274	203	227	146	146	193	201
OtsAC07SFMK_0160	170	234	154	180	241	245	223	231	243	273	332	348	207	249	200	242	227	255	146	152	219	233
OtsAC07SFMK_0163	210	222	154	154	237	261	171	175	253	273	320	348	193	195	200	242	203	203	138	146	227	237
OtsAC07SFMK_0164	190	202	154	240	237	297	163	175	243	249	340	344	183	227	242	258	215	219	142	142	201	203
OtsAC07SFMK_0171	202	222	208	240	237	249	235	235	233	265	312	312	191	191	270	270	195	259	142	164	199	221
OtsAC07SFMK_0172	222	230	154	154	181	209	187	235	253	261	312	336	191	217	234	270	199	231	142	152	201	205
OtsAC07SFMK_0174	186	198	186	242	181	185	163	239	241	273	312	332	193	203	220	238	243	293	134	138	201	227
OtsAC07SFMK_0175	170	210	196	196	249	277	201	235	229	243	276	352	115	161	242	242	227	259	142	168	201	221
OtsAC07SFMK_0177	202	222	154	196	237	237	183	187	261	281	280	308	191	241	250	262	215	251	152	152	199	227
OtsAC07SFMK_0179	230	230	154	200	181	209	163	175	241	253	356	356	115	161	234	246	195	203	164	164	193	207
OtsAC07SFMK_0182	186	222	196	200	177	209	159	231	223	277	336	352	191	219	238	266	195	199	142	168	201	205
OtsAC07SFMK_0183	190	198	192	200	225	245	179	207	229	239	328	406	161	247	242	242	203	203	140	184	233	233
OtsAC07SFMK_0185	166	230	154	200	237	253	179	183	171	229	316	324	133	165	266	274	255	259	138	160	199	233
OtsAC07SFMK_0186	186	198	186	242	181	185	227	239	249	273	320	332	187	203	238	270	243	293	138	184	201	201
OtsAC07SFMK_0187	202	230	200	240	181	233	227	231	249	281	316	340	161	203	262	266	203	223	138	164	199	201
OtsAC07SFMK_0188	190	202	154	198	217	273	171	183	253	253	320	332	191	193	242	290	219	239	152	168	193	201
OtsAC07SFMK_0190	170	210	196	196	185	277	195	201	229	265	284	352	115	161	234	234	243	259	142	168	201	221
OtsAC07SFMK_0192	202	230	154	262	181	297	175	183	247	253	348	352	161	191	234	242	195	199	142	152	233	233
OtsAC07SFMK_0194	186	202	154	232	221	233	179	183	243	249	316	336	201	201	200	242	235	243	164	220	199	201
OtsAC07SFMK_0197	226	234	190	204	185	257	183	201	243	265	248	406	161	231	234	286	195	219	142	168	201	221
OtsAC07SFMK_0198	186	226	154	242	253	277	159	179	243	277	248	332	191	243	242	294	219	259	146	168	193	199
OtsAC07SFMK_0204	202	222	196	262	213	237	175	183	239	241	248	394	115	181	242	258	219	259	142	146	199	201
OtsAC07SFMK_0206	226	234	190	204	237	257	159	183	243	265	312	328	161	241	200	234	219	231	142	146	201	221
OtsAC07SFMK_0214	214	222	216	216	229	265	219	235	247	249	356	360	191	197	234	282	199	263	134	146	193	233
OtsAC07SFMK_0217	186	186	154	196	229	253	175	187	229	269	280	356	231	257	242	286	183	255	138	168	193	203
OtsAC07SFMK_0219	198	222	200	254	229	249	175	201	247	253	304	316	115	247	226	274	195	227	138	168	201	201
OtsAC07SFMK_0220	170	222	188	200	237	265	179	183	243	261	328	406	201	201	200	238	199	211	134	164	193	201
OtsAC07SFMK_0222	194	198	154	154	181	229	201	235	239	269	288	394	211	229	242	278	227	267	146	160	201	203
OtsAC07SFMK_0223	194	202	198	198	185	277	179	187	247	247	324	328	187	191	242	274	211	231	138	142	199	201
OtsAC07SFMK_0224	194	238	154	176	241	281	175	201	269	273	280	332	193	231	250	282	235	279	138	212	199	201
OtsAC07SFMK_0226	186	218	154	186	225	241	175	235	219	269	276	304	187	237	234	262	183	183	146	164	193	193
OtsAC07SFMK_0227	190	230	192	212	225	229	179	207	229	239	336	406	161	247	266	274	203	259	142	160	201	219
OtsAC07SFMK_0228	222	222	196	198	209	261	175	175	207	243	316	336	181	197	250	290	179	199	138	146	201	201
OtsAC07SFMK_0233	222	230	154	154	237	241	145	175	249	249	324	360	115	191	242	250	183	235	146	156	201	221
OtsAC07SFMK_0236	222	226	154	176	177	229	171	191	245	269	316	336	177	247	242	270	199	199	142	164	201	227
OtsAC07SFMK_0237	198	234	154	242	205	229	159	231	243	243	248	312	115	229	238	262	219	247	142	142	201	221
OtsAC07SFMK_0238	202	210	192	192	197	237	201	235	243	253	280	316	197	201	200	234	203	243	142	164	199	219
OtsAC07SFMK_0241	182	194	230	246	205	217	159	179	233	249	284	402	239	245	242	282	207	255	134	142	193	193
OtsAC07SFMK_0245	198	234	208	246	177	233	187	235	223	249	332	380	115	191	242	286	195	243	168	176	227	233
OtsAC07SFMK_0249	190	230	266	272	233	265	175	183	229	249	336	336	155	197	250	258	207	231	134	142	199	233
OtsAC07SFMK_0250	214	222	154	250	249	257	175	183	229	269	316	328	185	191	242	262	195	199	138	152	199	203
OtsAC07SFMK_0252	202	218	154	196	229	229	201	239	237	253	236	328	137	243	224	270	239	255	138	146	193	219
OtsAC07SFMK_0254	194	222	180	198	205	229	175	183	241	249	188	320	161	197	266	282	227	255	142	152	193	201
OtsAC07SFMK_0255	170	202	176	254	261	261	171	227	269	281	264	332	197	235	258	266	263	273	164	204	205	233
OtsAC07SFMK_0257	194	222	154	192	217	233	163	227	255	273	252	320	197	235	238	242	207	247	138	212	193	199
OtsAC07SFMK_0259	186	222	158	184	229	229	179	227	229	233	398	418	181	233	238	266	223	259	134	146	199	201
OtsAC07SFMK_0260	198	230	158	180	209	237	159	179	239	243	296	402	115	219	234	270	239	267	152	168	221	227
OtsAC07SFMK_0263	194	194	158	254	217	249	179	231	243	243	188	280	177	227	262	290	199	255	138	160	193	227
OtsAC07SFMK_0264	222	230	246	246	177	297	163	207	243	245	320	348	161	165	262	270	199	235	142	142	227	233
OtsAC07SFMK_0266	202	222	176	200	209	229	183	183	261	273	348	352	115	231	234	266	247	259	146	164	199	233
OtsAC07SFMK_0267	226	234	190	232	173	229	175	175	243	265	312	328	0	0	238	286	195	219	142	168	203	221
OtsAC07SFMK_0268	170	186	204	246	177	241	179	191	249	255	184	348	191	253	242	242	191	263	142	164	203	221
OtsAC07SFMK_0269	194	198	180	246	181	277	129	175	243	281	340	394	135	249	266	266	163	263	142	164	199	221
OtsAC07SFMK_0272	182	198	238	254	229	237	171	199	233	255	188	352	231	233	266	266	227	227	146	152	201	221
OtsAC07SFMK_0273	230	234	158	202	217	257	183	183	207	241	280	284	161	191	242	290	195	239	152	168	199	219
OtsAC07SFMK_0277	190	198	196	262	213	229	159	175	239	241	320	348	135	181	258	282	195	211	146	164	233	237
OtsAC07SFMK_0279	222	226	154	186	205	229	231	239	171	207	312	352	165	193	200	246	199	227	164	164	199	201
OtsAC07SFMK_0280	202	226	158	200	217	237	163	201	233	269	316	336	189	231	242	286	219	243	146	164	193	201
OtsAC07SFMK_0282	178	178	196	216	233	253	183	187	255	265	316	324	135	165	262	270	227	227	138	146	201	201
OtsAC07SFMK_0283	182	230	154	258	209	221	163	183	249	277	184	344	185	191	270	286	239	243	142	142	201	233
OtsAC07SFMK_0285	230	230	254	258	245	261	175	239	243	255	188	284	197	223	242	246	207	305	160	220	199	233
OtsAC07SFMK_0287	222	230	154	158	177	229	159	179	229	269	316	352	191	197	220	238	227	239	142	180	199	199
OtsAC07SFMK_0369	202	230	158	204	221	237	129	201	229	247	320	348	115	137	242	254	199	243	134	164	201	237
OtsAC07SFMK_0372	190	230	196	240	185	233	199	235	255	265	188	394	191	219	242	242	207	211	152	164	199	233
OtsAC07SFMK_0376	194	230	184	254	213	253	159	227	249	265	244	328	181	193	254	274	207	239	138	168	193	233
OtsAC07SFMK_0377	186	218	180	200	185	241	159	239	229	243	332	392	195	201	242	286	207	263	142	146	193	199
OtsAC07SFMK_0378	198	222	166	236	185	249	159	223	229	241	332	348	199	243	254	278	235	243	142	164	193	221
OtsAC07SFMK_0379	222	226	154	154	229	241	163	163	245	249	244	320	115	181	266	290	227	235	164	172	201	203
OtsAC07SFMK_0380	186	202	176	198	209	249	179	239	233	249	188	236	137	190	242	270	195	211	142	160	193	199
OtsAC07SFMK_0383	198	210	150	154	181	185	163	179	249	249	312	340	115	191	242	262	199	247	142	142	199	203
OtsAC07SFMK_0384	186	226	196	200	229	277	175	235	243	261	316	324	137	225	250	278	183	219	142	142	193	233
OtsAC07SFMK_0385	182	202	200	258	185	261	175	227	211	247	296	352	191	219	242	246	199	247	134	172	201	233
OtsAC07SFMK_0386	170	210	154	196	217	229	171	183	239	265	280	332	181	193	200	242	207	263	152	164	199	201
OtsAC07SFMK_0393	218	230	196	242	209	229	175	183	247	249	336	336	185	197	242	290	247	267	142	152	193	201
OtsAC07SFMK_0398	198	230	190	190	229	261	183	231	249	269	308	352	193	241	262	278	243	247	146	164	201	203
OtsAC07SFMK_0399	198	234	154	240	205	229	159	231	241	243	248	316	235	243	242	262	247	251	142	142	201	221
OtsAC07SFMK_0400	226	234	162	198	237	261	163	175	243	243	320	348	115	165	242	270	255	255	142	152	199	233
OtsAC07SFMK_0402	226	230	236	236	185	281	159	183	243	265	248	406	161	231	234	286	195	219	142	146	199	201
OtsAC07SFMK_0404	190	198	154	200	229	237	159	175	223	229	248	320	115	197	242	286	195	219	142	146	199	237
OtsAC07SFMK_0405	226	230	154	254	169	237	201	235	243	281	248	340	193	241	238	274	279	283	142	142	199	233
OtsAC07SFMK_0407	190	202	244	244	225	301	159	231	241	269	336	348	185	193	274	282	183	243	146	204	201	233
OtsAC07SFMK_0408	194	230	242	242	241	257	199	231	243	253	328	402	181	245	234	266	195	235	160	168	0	0
OtsAC07SFMK_0410	186	190	158	240	209	225	163	223	229	229	188	348	199	249	242	250	207	239	134	134	199	199
OtsAC07SFMK_0411	198	202	154	238	229	237	155	175	249	277	312	332	115	191	242	250	235	235	138	156	201	221
OtsAC07SFMK_0413	194	230	192	200	237	261	175	187	249	285	312	316	187	191	258	262	183	235	134	160	203	221
OtsAC07SFMK_0415	218	234	190	244	257	261	163	199	233	281	272	312	229	241	254	266	247	255	160	164	201	221
OtsAC07SFMK_0418	202	226	190	192	217	229	175	201	233	253	280	344	115	191	250	290	227	227	142	142	199	227
OtsAC07SFMK_0419	230	234	242	274	209	249	175	227	207	241	348	356	115	191	242	286	231	231	164	212	193	199
OtsAC07SFMK_0421	190	218	198	198	173	221	175	201	229	261	280	328	181	193	234	254	203	235	146	160	199	207
OtsAC07SFMK_0422	198	234	236	240	229	241	159	231	241	243	316	316	235	243	238	262	247	251	142	142	201	221
OtsAC07SFMK_0423	202	222	154	196	237	281	159	227	249	249	320	360	165	181	242	290	211	259	142	212	193	201
OtsAC07SFMK_0424	186	186	236	242	177	181	187	195	241	241	284	336	165	175	266	274	227	263	138	152	233	237
OtsAC07SFMK_0425	198	230	158	232	249	277	163	183	243	269	336	368	219	235	270	270	207	207	134	164	199	219
OtsAC07SFMK_0428	234	234	200	244	205	273	191	207	207	219	284	332	165	191	238	242	235	255	142	212	227	233
OtsAC07SFMK_0431	222	230	154	192	181	249	227	235	223	261	312	316	191	191	266	274	199	259	134	142	199	201
OtsAC07SFMK_0434	194	226	200	200	181	233	159	231	241	265	332	336	181	249	262	266	183	187	142	146	193	201
OtsAC07SFMK_0435	234	234	198	198	217	229	201	201	219	273	256	332	161	227	200	266	199	255	142	168	201	233
OtsAC07SFMK_0436	182	194	228	244	205	217	163	183	249	253	284	304	231	239	234	242	207	255	142	204	193	193
OtsAC07SFMK_0438	194	226	186	192	177	209	175	201	273	281	316	316	187	201	242	286	207	267	138	142	199	233
OtsAC07SFMK_0441	202	202	200	240	209	241	175	175	207	239	316	332	157	197	238	262	239	247	134	168	199	233
OtsAC07SFMK_0443	222	226	180	310	209	241	145	235	249	249	332	340	189	243	242	258	227	270	142	146	227	237
OtsAC07SFMK_0444	218	226	150	244	209	217	175	201	243	243	316	332	161	201	200	274	231	247	164	200	193	199
OtsAC07SFMK_0445	182	230	154	236	209	261	129	183	249	277	316	348	193	197	242	282	203	223	142	160	201	233
OtsAC07SFMK_0448	178	230	190	254	193	229	191	201	269	273	316	336	181	195	242	242	235	239	146	168	201	203
OtsAC07SFMK_0450	186	190	154	250	177	237	159	235	269	285	256	402	191	243	242	274	239	239	134	146	199	199
OtsAC07SFMK_0452	210	226	180	198	229	229	171	175	249	249	188	280	115	161	200	290	183	207	164	168	199	201
OtsAC07SFMK_0455	170	226	158	204	169	209	179	239	233	245	268	312	115	181	238	278	255	263	134	220	193	233
OtsAC07SFMK_0458	194	226	154	176	181	185	163	179	249	269	312	356	115	191	242	262	219	227	142	160	199	201
OtsAC07SFMK_0459	198	288	192	216	233	241	175	183	269	287	308	312	191	237	242	274	207	207	146	204	221	237
OtsAC07SFMK_0460	202	238	154	254	233	257	171	175	261	281	312	320	115	181	266	278	195	227	142	152	201	233
OtsAC07SFMK_0461	202	226	154	196	169	237	163	201	243	281	316	380	203	241	238	258	211	227	142	146	199	233
OtsAC07SFMK_0463	226	234	154	244	209	217	191	201	243	247	312	316	161	201	200	274	231	247	164	200	199	199
OtsAC07SFMK_0464	198	202	196	200	229	229	159	175	239	241	348	394	135	181	258	282	195	211	146	164	199	237
OtsAC07SFMK_0465	186	226	192	204	249	253	183	201	269	281	316	316	187	235	242	242	195	215	138	176	199	233
OtsAC07SFMK_0466	186	198	176	186	205	237	163	231	243	269	336	402	187	241	242	254	207	211	138	146	199	233
OtsAC07SFMK_0467	190	198	158	196	185	249	231	239	243	277	284	336	181	245	238	242	207	243	142	142	199	201
OtsAC07SFMK_0468	170	186	150	184	181	281	163	175	233	257	320	340	191	203	250	262	183	183	142	142	201	237
OtsAC07SFMK_0469	186	218	154	186	225	233	163	175	219	269	324	332	187	237	234	262	183	183	146	164	193	233
OtsAC07SFMK_0473	182	226	180	258	257	277	235	243	243	243	276	348	203	203	278	278	191	223	152	212	199	201
OtsAC07SFMK_0474	202	222	238	240	185	229	175	201	223	249	332	348	115	231	242	242	207	235	142	146	201	203
OtsAC07SFMK_0475	202	222	154	196	233	297	159	175	249	249	320	360	161	247	238	290	211	219	142	164	193	193
OtsAC07SFMK_0476	202	218	184	186	181	217	179	191	211	269	332	352	195	203	200	258	243	305	142	146	233	235
OtsAC07SFMK_0477	186	218	158	240	229	229	179	231	229	243	236	332	181	233	238	266	195	239	146	168	207	233
OtsAC07SFMK_0479	194	234	238	238	229	245	201	201	237	249	280	312	187	227	242	278	235	255	142	164	199	233
OtsAC07SFMK_0480	230	234	192	194	257	261	175	199	233	281	272	272	161	249	266	266	227	255	160	164	201	201
OtsAC07SFMK_0481	198	226	158	176	229	233	163	179	239	249	316	356	261	261	262	262	219	247	142	164	203	233
OtsAC07SFMK_0482	202	234	154	198	229	237	159	183	233	261	380	402	137	241	238	242	199	279	142	152	199	201
OtsAC07SFMK_0483	198	218	180	200	209	241	145	235	233	239	328	332	185	243	242	258	227	227	142	168	201	227
OtsAC07SFMK_0484	186	230	186	196	181	229	195	235	249	257	276	336	161	187	262	266	203	263	142	160	203	237
OtsAC07SFMK_0485	222	222	196	200	229	245	183	239	229	249	312	336	135	197	242	266	235	251	142	152	199	233
OtsAC07SFMK_0486	198	226	158	176	185	229	163	163	249	249	316	356	191	197	242	274	219	247	160	164	199	201
OtsAC07SFMK_0489	202	230	154	194	237	253	163	179	171	229	316	316	133	165	274	290	255	259	138	168	199	233
OtsAC07SFMK_0496	170	198	154	240	249	289	183	231	239	269	320	418	181	233	266	270	235	259	134	146	199	201
OtsAC07SFMK_0504	222	226	154	198	229	229	171	175	249	265	188	336	137	249	262	290	183	223	164	168	201	201
OtsAC07SFMK_0511	226	230	200	254	169	237	163	163	243	249	248	316	203	241	270	274	227	283	142	142	221	233
OtsAC07SFMK_0512	190	190	196	236	233	237	163	201	261	269	248	332	231	243	238	242	207	247	142	164	201	237
OtsAC07SFMK_0513	186	190	176	204	225	253	179	223	243	261	336	348	190	211	200	266	199	247	156	184	205	233
OtsAC07SFMK_0514	194	230	254	258	205	241	175	239	255	269	284	320	235	245	238	242	207	235	160	220	199	233
OtsAC07SFMK_0519	186	202	244	266	233	241	183	191	265	281	300	328	241	245	254	278	203	247	142	142	201	219
OtsAC07SFMK_0521	166	202	154	196	241	245	227	231	243	259	284	332	191	201	238	270	183	195	138	168	199	201
OtsAC07SFMK_0522	198	202	196	240	237	237	159	227	245	249	320	332	181	189	270	274	239	239	134	168	201	207
OtsAC07SFMK_0523	214	230	238	242	261	265	183	199	241	277	316	332	181	193	234	258	199	203	142	142	201	233
OtsAC07SFMK_0525	186	202	154	252	177	249	129	179	223	223	284	336	115	119	262	278	187	247	142	152	199	237
OtsAC07SFMK_0527	186	194	186	244	205	229	227	235	243	269	276	312	165	187	266	270	183	227	160	164	227	233
OtsAC07SFMK_0530	202	230	180	198	209	229	175	239	249	269	332	348	193	199	270	270	199	235	142	168	227	233
OtsAC07SFMK_0531	186	234	184	258	205	229	175	235	281	285	188	406	119	243	242	282	231	255	142	164	219	233
OtsAC07SFMK_0532	202	230	154	250	233	257	163	231	171	243	316	340	219	235	242	270	203	243	138	146	199	219
OtsAC07SFMK_0533	202	234	166	250	237	261	171	207	219	241	316	414	115	219	242	286	211	235	164	242	199	199
OtsAC07SFMK_0534	190	222	154	198	237	281	175	179	265	265	320	332	115	181	242	246	195	259	142	164	219	233
OtsAC07SFMK_0535	198	230	154	240	265	277	227	227	245	261	308	418	137	227	238	242	191	239	142	164	201	201
OtsAC07SFMK_0536	186	202	204	240	221	237	201	239	207	269	332	406	151	191	242	274	235	255	134	164	203	221
OtsAC07SFMK_0537	190	230	244	262	165	229	179	187	249	261	312	328	161	249	262	270	207	231	168	176	233	233
OtsAC07SFMK_0538	198	230	150	186	213	241	129	235	239	265	312	332	161	207	234	270	247	267	138	160	199	203
OtsAC07SFMK_0539	182	198	192	196	229	237	187	201	261	269	272	324	115	193	242	290	203	263	160	164	199	221
OtsAC07SFMK_0540	194	238	154	254	185	233	227	227	273	285	328	344	115	193	262	274	203	231	142	204	233	233
OtsAC07SFMK_0541	190	222	158	200	237	257	175	239	243	255	320	340	227	233	266	278	215	259	156	168	193	233
OtsAC07SFMK_0542	218	222	180	200	181	241	163	179	249	281	184	316	135	197	234	242	247	259	142	142	199	199
OtsAC07SFMK_0543	194	222	196	254	209	237	163	201	215	243	344	348	115	227	254	266	235	243	142	160	221	233
OtsAC07SFMK_0544	218	226	150	260	209	241	175	201	243	247	332	352	137	219	242	274	195	231	164	200	193	227
OtsAC07SFMK_0545	186	202	244	262	229	241	175	179	243	253	348	356	181	197	262	290	211	267	134	152	199	233
OtsAC07SFMK_0546	170	198	200	200	241	261	175	231	229	249	316	344	157	191	258	262	207	247	160	172	201	233
OtsAC07SFMK_0547	210	230	154	212	213	237	201	231	241	277	320	398	181	235	238	242	207	263	146	164	221	227
OtsAC07SFMK_0548	194	230	196	242	213	229	179	183	261	265	244	328	181	193	250	290	207	239	134	146	201	233
OtsAC07SFMK_0549	182	226	180	254	209	229	187	231	223	257	284	320	137	161	242	262	247	259	142	152	199	201
OtsAC07SFMK_0550	198	202	158	244	201	261	175	175	281	281	316	328	181	247	242	266	207	259	142	146	199	201
OtsAC07SFMK_0551	186	186	176	200	237	249	175	243	237	269	188	328	119	235	258	286	199	227	176	184	201	201
OtsAC07SFMK_0552	194	198	200	248	249	257	175	179	207	269	240	324	141	161	258	278	183	195	152	164	233	233
OtsAC07SFMK_0553	218	238	154	236	237	257	175	201	237	261	284	328	161	193	242	250	183	255	146	160	205	219
OtsAC07SFMK_0554	186	226	158	200	181	237	183	231	229	243	236	406	137	219	234	242	207	239	142	152	193	221
OtsAC07SFMK_0555	222	222	154	196	177	177	159	187	229	277	184	336	219	235	242	258	199	215	142	168	201	205
OtsAC07SFMK_0556	234	238	242	254	233	237	201	207	243	243	280	316	219	245	238	282	195	211	130	164	233	233
OtsAC07SFMK_0557	190	194	158	180	177	229	207	231	245	249	188	256	181	223	234	238	207	235	138	146	203	219
OtsAC07SFMK_0558	182	230	154	196	209	209	141	187	207	247	328	336	181	187	242	274	259	267	142	172	207	233
OtsAC07SFMK_0559	202	234	184	254	229	253	179	183	229	261	244	328	115	243	274	286	195	239	138	168	201	233
OtsAC07SFMK_0560	178	190	196	240	185	285	159	207	243	265	316	332	203	249	242	270	207	243	138	152	199	199
OtsAC07SFMK_0561	222	230	242	242	209	209	163	179	207	249	284	340	119	193	242	278	195	279	160	168	199	233
OtsAC07SFMK_0562	170	234	180	192	161	241	163	163	241	259	332	364	181	193	234	278	247	255	164	168	193	227
OtsAC07SFMK_0563	202	230	204	244	221	237	201	227	207	265	300	320	165	191	242	254	231	243	164	212	199	201
OtsAC07SFMK_0564	194	222	158	254	249	265	179	227	243	249	188	406	177	187	262	290	227	227	138	142	193	201
OtsAC07SFMK_0565	210	222	196	196	241	281	175	179	207	243	316	336	193	197	250	290	223	223	138	164	201	201
OtsAC07SFMK_0566	218	222	150	236	221	229	175	187	269	273	188	188	115	189	282	286	195	259	142	152	201	233
OtsAC07SFMK_0567	198	198	176	200	181	253	179	231	219	223	296	312	191	193	200	274	203	227	142	164	201	233
OtsAC07SFMK_0568	202	214	176	184	229	281	171	187	245	249	252	332	161	247	274	274	183	235	164	168	199	207
OtsAC07SFMK_0569	226	230	200	254	249	277	201	201	243	257	276	312	115	227	238	246	183	227	142	164	221	237
OtsAC07SFMK_0570	234	238	180	198	217	257	163	231	241	243	328	336	161	261	226	266	231	231	146	146	193	225
OtsAC07SFMK_0571	186	210	154	154	185	241	163	179	261	269	340	356	191	197	242	262	183	199	142	146	193	199
OtsAC07SFMK_0572	194	226	154	196	237	277	175	235	219	243	284	352	177	243	242	242	191	255	146	168	201	201
OtsAC07SFMK_0573	206	226	240	310	209	233	155	195	273	277	296	320	161	227	234	242	195	243	138	142	233	233
OtsAC07SFMK_0574	214	222	154	196	233	257	175	183	229	243	280	316	185	191	262	266	195	199	138	152	203	227
OtsAC07SFMK_0575	186	234	184	254	249	281	175	191	261	273	312	356	161	243	238	290	247	267	134	168	201	205
OtsAC07SFMK_0576	182	234	154	186	209	241	129	207	247	249	328	360	165	223	278	286	199	239	142	212	203	227
OtsAC07SFMK_0577	182	222	150	196	209	241	183	183	257	277	304	388	115	161	242	246	219	255	142	168	201	207
OtsAC07SFMK_0578	202	226	154	192	177	229	159	179	261	269	316	336	161	191	242	262	235	247	142	152	227	237
OtsAC07SFMK_0579	222	222	154	154	209	229	227	235	239	239	236	236	197	249	262	286	255	305	152	172	219	237
OtsAC07SFMK_0580	230	238	242	242	229	237	201	207	243	243	280	316	133	201	238	282	195	211	130	164	233	233
OtsAC07SFMK_0581	226	230	200	258	177	277	187	227	239	243	320	352	191	197	200	258	195	223	160	176	233	233
OtsAC07SFMK_0582	202	218	200	240	181	233	227	231	249	281	184	360	161	203	262	266	175	223	142	164	199	201
OtsAC07SFMK_0583	202	226	154	196	169	237	201	235	273	281	340	376	203	241	238	274	211	279	142	142	221	221
OtsAC07SFMK_0584	222	230	196	236	229	285	159	187	241	249	316	328	185	231	238	290	183	235	146	152	193	199
OtsAC07SFMK_0585	186	230	200	238	177	233	201	243	243	269	188	328	191	197	242	258	199	207	142	184	201	201
OtsAC07SFMK_0586	194	226	154	176	177	237	179	191	245	249	188	316	191	191	242	270	199	199	142	146	201	201
OtsAC07SFMK_0587	194	198	154	242	209	257	175	179	241	249	312	320	181	231	234	246	243	255	134	168	233	233
OtsAC07SFMK_0588	194	230	150	266	181	261	179	187	249	281	356	388	177	241	234	282	199	215	142	212	199	201
OtsAC07SFMK_0589	190	222	154	176	229	257	179	183	233	249	188	336	115	191	262	266	179	247	134	138	205	219
OtsAC07SFMK_0590	194	214	186	192	249	249	159	201	243	249	312	332	187	203	226	282	199	219	138	168	201	237
OtsAC07SFMK_0591	186	230	198	250	229	269	223	227	247	269	340	352	115	253	278	282	175	255	134	134	201	203
OtsAC07SFMK_0592	202	230	154	200	229	273	129	183	207	219	328	392	191	247	258	278	239	243	142	168	227	233
OtsAC07SFMK_0593	226	230	196	236	229	285	175	187	241	249	316	328	185	231	238	242	235	267	142	146	207	221
OtsAC07SFMK_0594	186	190	184	200	265	265	171	201	233	265	328	332	191	197	270	290	223	235	142	164	207	233
OtsAC07SFMK_0595	186	222	212	281	177	249	175	243	241	243	356	406	161	185	234	242	187	255	146	160	201	207
OtsAC07SFMK_0596	202	234	198	266	205	245	175	175	239	285	284	340	115	161	200	258	235	263	146	200	227	233
OtsAC07SFMK_0597	182	190	258	274	257	257	159	231	211	287	332	356	141	235	262	266	207	207	138	164	201	227
OtsAC07SFMK_0598	194	230	204	250	177	205	175	201	223	239	336	348	233	235	226	282	227	243	138	146	207	219
OtsAC07SFMK_0599	186	194	154	180	241	241	175	191	239	249	328	348	175	185	278	282	191	231	152	164	199	233
OtsAC07SFMK_0600	222	234	154	254	233	237	163	163	281	285	284	352	189	195	258	278	235	235	138	142	201	219
OtsAC07SFMK_0601	190	202	154	192	209	241	179	187	207	269	344	402	135	187	238	242	231	259	142	146	193	219
OtsAC07SFMK_0602	182	222	192	196	237	249	175	239	261	265	248	312	197	241	270	290	195	251	142	142	203	233
OtsAC07SFMK_0603	186	194	204	248	209	301	175	199	247	281	188	324	195	265	234	242	199	255	134	204	201	203
OtsAC07SFMK_0604	170	210	154	158	169	181	171	187	183	249	280	344	181	193	200	258	207	263	152	164	199	201
OtsAC07SFMK_0605	170	186	154	154	249	277	175	187	257	265	328	340	115	135	234	262	183	259	146	152	203	221
OtsAC07SFMK_0606	222	222	196	198	209	261	175	187	237	249	276	284	115	181	250	282	199	223	142	146	201	201
OtsAC07SFMK_0607	198	198	250	250	229	289	163	175	251	277	316	316	165	191	242	242	191	227	152	164	221	233
OtsAC07SFMK_0608	198	230	196	254	225	233	207	231	241	269	316	336	249	253	200	290	203	219	134	172	205	233
OtsAC07SFMK_0609	202	222	240	242	205	209	179	201	249	249	284	340	137	181	258	282	247	279	138	156	193	199
OtsAC07SFMK_0610	186	230	154	196	181	217	179	227	233	281	312	398	231	235	242	246	195	195	142	164	201	201
OtsAC07SFMK_0611	202	230	200	254	209	281	159	187	223	247	184	332	191	193	250	270	235	247	164	164	199	203
OtsAC07SFMK_0612	194	210	216	244	177	209	171	183	249	249	188	352	115	193	254	266	199	199	142	176	193	201
OtsAC07SFMK_0613	190	234	158	258	181	229	171	231	255	273	280	348	115	233	266	274	227	231	142	142	201	219
OtsAC07SFMK_0614	186	202	200	200	261	301	179	179	249	249	188	348	115	181	258	266	183	219	152	164	193	219
OtsAC07SFMK_0615	186	222	154	258	177	177	179	187	229	277	336	352	191	219	238	242	199	199	142	156	201	205
OtsAC07SFMK_0616	186	202	186	196	241	261	187	239	243	285	328	340	159	243	254	270	183	231	134	146	193	233
OtsAC07SFMK_0617	194	230	154	198	237	257	179	191	243	269	316	336	177	191	242	270	187	199	142	164	205	227
OtsAC07SFMK_0618	194	226	0	0	229	233	175	227	249	281	336	348	247	249	242	282	183	183	160	212	199	201
OtsAC07SFMK_0619	198	230	196	250	229	237	231	231	249	253	188	332	191	191	234	242	211	243	134	142	201	219
OtsAC07SFMK_0620	230	234	242	242	225	237	155	223	229	253	188	276	191	227	234	242	195	211	134	142	201	219
OtsAC07SFMK_0621	226	230	154	192	177	229	163	163	261	269	316	332	119	227	234	242	219	235	142	152	237	237
OtsAC07SFMK_0622	170	234	196	238	205	241	201	207	261	261	188	324	191	197	250	270	247	255	146	168	193	227
OtsAC07SFMK_0623	182	238	192	196	193	249	183	201	239	241	280	392	181	229	274	278	195	231	146	168	201	201
OtsAC07SFMK_0624	190	230	158	242	177	297	179	195	235	243	312	352	201	201	234	282	231	243	138	164	201	233
OtsAC07SFMK_0625	202	222	154	236	229	237	201	235	223	249	284	348	115	191	200	242	207	235	142	164	201	203
OtsAC07SFMK_0626	190	218	154	254	229	233	207	227	243	277	316	328	161	193	242	254	203	231	134	160	193	237
OtsAC07SFMK_0627	214	234	154	200	233	237	163	179	281	285	316	352	163	191	258	282	235	279	134	164	201	237
OtsAC07SFMK_0628	190	230	194	242	229	229	163	163	233	265	308	406	161	187	234	266	175	247	142	168	201	219
OtsAC07SFMK_0629	202	230	158	254	205	233	207	231	171	241	316	336	165	253	200	286	231	239	168	172	201	233
OtsAC07SFMK_0630	222	288	154	192	229	281	129	179	223	229	336	380	119	193	234	246	207	255	142	160	205	233
OtsAC07SFMK_0631	222	230	158	274	229	241	183	183	171	241	320	340	178	185	242	282	195	235	152	204	193	193
OtsAC07SFMK_0632	222	222	158	196	241	249	129	231	171	257	316	340	185	247	242	270	247	259	152	172	199	201
OtsAC07SFMK_0633	190	222	176	254	233	237	231	231	247	281	188	280	181	249	242	278	183	243	134	152	233	237
OtsAC07SFMK_0634	194	230	150	154	229	273	183	227	207	243	328	392	191	247	242	262	235	255	142	142	227	233
OtsAC07SFMK_0635	182	222	150	184	181	281	163	175	233	257	340	352	181	197	250	282	183	203	142	142	201	219
OtsAC07SFMK_0636	182	202	202	240	233	237	159	163	223	265	360	410	185	187	242	258	183	235	164	172	201	233
OtsAC07SFMK_0637	186	230	154	188	177	181	175	187	241	277	244	316	203	209	266	266	195	283	142	152	201	221
OtsAC07SFMK_0638	198	230	198	200	229	229	175	223	265	285	376	398	181	249	238	242	259	259	146	164	201	221
OtsAC07SFMK_0639	202	214	196	240	241	269	179	219	249	265	284	324	115	137	270	278	179	279	134	146	199	205
OtsAC07SFMK_0640	186	234	154	198	229	249	175	183	233	265	320	332	115	165	262	266	243	302	142	152	201	201
OtsAC07SFMK_0641	218	222	180	200	213	245	175	179	239	281	184	296	197	197	234	242	247	259	142	180	203	237
OtsAC07SFMK_0642	186	194	198	208	229	249	159	223	241	249	348	394	181	235	254	290	183	255	142	184	193	205
OtsAC07SFMK_0643	186	190	194	204	209	269	129	183	241	247	284	332	161	209	266	286	211	239	168	180	199	233
OtsAC07SFMK_0644	222	230	154	198	181	213	159	179	265	273	248	332	115	235	266	266	203	215	142	146	193	201
OtsAC07SFMK_0645	202	230	154	158	233	237	223	223	277	281	316	380	191	193	242	242	215	243	134	142	201	203
OtsAC07SFMK_0646	230	230	180	204	261	265	163	175	237	261	324	336	177	219	200	242	203	203	146	172	199	233
OtsAC07SFMK_0647	186	226	190	192	213	217	175	201	253	273	280	324	191	249	242	250	227	227	142	146	227	233
OtsAC07SFMK_0648	230	234	196	242	241	245	183	183	171	247	312	312	115	193	242	242	219	243	138	180	199	201
OtsAC07SFMK_0649	194	222	154	196	181	205	163	179	247	255	312	348	193	197	238	242	207	247	134	138	193	199
OtsAC07SFMK_0650	202	234	150	250	217	229	191	223	235	243	328	336	137	165	234	242	203	235	138	164	203	227
OtsAC07SFMK_0651	226	230	200	240	233	237	191	235	223	265	316	324	185	187	242	270	183	239	164	168	201	233
OtsAC07SFMK_0652	186	226	198	208	237	257	223	239	239	243	320	348	181	191	246	278	183	255	134	212	193	205
OtsAC07SFMK_0653	194	202	200	244	185	277	175	187	243	273	188	406	187	191	238	290	219	259	138	164	201	205
OtsAC07SFMK_0654	182	222	154	246	249	277	175	179	249	285	292	308	235	241	234	254	179	267	134	152	199	201
OtsAC07SFMK_0655	202	230	242	242	257	257	163	175	249	269	308	352	115	161	242	278	211	231	134	152	193	233
OtsAC07SFMK_0656	182	210	196	196	229	233	179	239	265	265	276	320	161	193	200	270	207	243	138	152	201	233
OtsAC07SFMK_0657	226	230	154	246	237	257	179	187	249	249	304	352	161	181	254	258	183	219	146	176	193	201
OtsAC07SFMK_0658	182	198	154	176	201	261	155	163	253	255	336	344	161	189	200	270	195	243	146	164	199	199
OtsAC07SFMK_0659	230	230	150	186	233	241	175	199	171	265	312	332	207	227	242	278	227	247	138	168	199	203
OtsAC07SFMK_0660	186	234	154	246	233	269	0	0	253	269	304	332	187	245	242	270	227	243	152	164	201	203
OtsAC07SFMK_0661	218	230	154	250	217	237	175	183	239	261	184	308	177	181	250	270	227	239	164	184	233	237
OtsAC07SFMK_0662	202	230	198	200	209	249	179	187	223	243	332	332	191	193	250	270	235	247	164	164	199	237
OtsAC07SFMK_0663	170	222	186	200	181	281	163	231	233	257	352	356	181	191	250	262	203	255	142	172	219	237
OtsAC07SFMK_0664	202	226	176	242	237	281	179	231	241	241	312	316	161	201	242	290	195	207	152	212	201	233
OtsAC07SFMK_0665	202	230	154	216	229	249	175	183	207	243	316	352	191	227	278	290	187	255	172	246	199	201
OtsAC07SFMK_0666	190	222	236	248	233	285	159	231	241	249	352	398	231	235	266	270	203	227	152	164	201	205
OtsAC07SFMK_0667	202	210	196	200	233	249	219	227	227	249	328	394	115	137	278	282	199	235	138	142	233	233
OtsAC07SFMK_0668	186	202	154	186	229	257	159	175	241	261	312	406	193	201	258	274	183	211	138	160	199	233
OtsAC07SFMK_0669	194	222	154	176	169	233	179	183	249	257	316	336	137	241	266	294	223	239	138	146	205	227
OtsAC07SFMK_0670	202	230	158	166	221	261	171	207	219	241	188	308	197	219	242	286	235	235	164	242	199	201
OtsAC07SFMK_0671	226	230	200	200	221	257	179	183	229	273	272	328	195	203	242	278	191	259	142	212	201	205
OtsAC07SFMK_0672	178	234	190	198	209	229	175	183	211	243	332	348	191	199	234	278	199	243	146	146	233	237
OtsAC07SFMK_0673	190	226	212	216	261	281	171	175	249	261	324	352	229	243	242	270	199	227	164	164	219	233
OtsAC07SFMK_0674	186	198	154	162	281	297	179	191	243	281	324	328	137	247	246	274	255	263	142	146	205	229
OtsAC07SFMK_0675	222	226	176	242	225	229	207	227	265	281	320	398	115	233	242	262	199	247	142	142	233	233
OtsAC07SFMK_0676	222	222	180	180	229	281	175	191	257	281	336	336	135	153	242	258	203	235	134	146	201	219
OtsAC07SFMK_0677	194	198	196	244	233	233	175	201	243	265	316	394	181	189	242	286	195	219	142	164	219	233
OtsAC07SFMK_0678	170	202	150	150	221	273	159	239	229	233	332	394	181	235	254	278	219	247	138	142	199	207
OtsAC07SFMK_0731	0	0	0	0	185	241	201	231	277	277	0	0	161	161	258	274	195	195	164	212	193	201
OtsAC07SFMK_0739	218	230	154	212	209	253	183	231	229	229	284	332	181	199	274	290	199	243	134	138	199	203
OtsAC07SFMK_0740	186	186	198	198	229	257	129	175	239	243	272	352	193	195	266	266	163	235	142	164	199	207
OtsAC07SFMK_0741	0	0	0	0	237	277	175	201	269	273	280	332	181	193	250	282	227	279	152	212	199	221
OtsAC07SFMK_0752	182	234	176	200	181	205	179	231	219	223	296	332	191	193	200	274	219	227	142	152	201	233
OtsAC07SFMK_0753	186	194	154	184	237	261	175	179	243	249	320	328	115	115	270	290	239	255	138	138	193	233
OtsAC07SFMK_0755	198	202	158	262	229	241	175	179	261	265	340	348	185	233	242	266	211	219	142	146	233	237
OtsAC07SFMK_0757	198	230	154	198	229	261	175	187	249	285	312	316	191	235	242	258	183	183	152	160	219	221
OtsAC07SFMK_0758	230	234	198	200	229	241	159	179	243	269	240	272	161	197	258	278	195	235	146	208	201	201
OtsAC07SFMK_0760	186	222	188	200	237	265	179	183	243	243	316	328	119	201	242	262	199	199	164	220	193	201
OtsAC07SFMK_0764	166	198	240	250	225	237	223	231	223	229	276	392	191	227	250	274	231	243	134	134	207	219
OtsAC07SFMK_0765	230	234	192	242	241	249	175	183	183	269	304	312	193	193	200	200	187	219	164	200	199	201
OtsAC07SFMK_0766	166	230	216	244	229	297	183	231	207	249	332	348	161	265	266	282	187	187	134	208	199	227
OtsAC07SFMK_0767	186	222	154	158	237	241	175	219	249	249	324	332	135	137	266	266	251	259	142	142	199	233
OtsAC07SFMK_0768	202	222	154	186	217	237	179	201	253	261	280	316	193	201	234	238	191	199	142	168	219	233
OtsAC07SFMK_0769	182	186	240	250	213	277	175	183	239	243	348	394	137	249	246	262	239	267	152	164	201	229
OtsAC07SFMK_0772	230	234	204	254	213	237	183	227	241	243	348	356	115	165	242	286	231	231	152	168	199	201
OtsAC07SFMK_0774	170	202	150	274	221	273	187	239	229	249	344	394	181	203	246	278	199	199	142	164	199	203
OtsAC07SFMK_0776	202	234	204	262	217	229	171	179	207	261	316	398	115	165	242	258	195	211	146	212	233	237
OtsAC07SFMK_0777	210	222	200	246	237	257	183	201	229	265	284	320	165	241	242	250	227	227	146	172	201	201
OtsAC07SFMK_0778	178	222	154	198	213	237	159	179	207	273	188	252	219	235	266	266	215	243	138	142	193	201
OtsAC07SFMK_0779	198	230	154	158	205	265	179	183	171	215	256	332	195	197	242	286	227	227	146	146	201	203
OtsAC07SFMK_0781	174	186	154	200	181	217	175	175	249	265	276	336	115	233	238	242	247	255	142	142	227	233
OtsAC07SFMK_0784	194	202	154	192	257	257	179	227	207	287	264	276	141	233	238	278	215	227	152	212	199	233
OtsAC07SFMK_0786	234	234	242	250	177	281	179	179	249	277	272	336	115	137	234	278	191	227	164	164	201	207
OtsAC07SFMK_0790	190	194	154	198	209	237	175	207	223	243	280	284	115	237	200	282	223	255	142	142	199	205
OtsAC07SFMK_0793	202	202	154	154	229	257	159	175	241	285	332	360	191	201	242	258	203	211	134	146	199	233
OtsAC07SFMK_0794	226	230	154	154	229	257	175	227	207	249	328	336	187	229	242	254	183	183	138	142	207	233
OtsAC07SFMK_0798	226	234	154	180	229	285	159	183	249	269	332	348	161	227	270	270	183	183	142	146	227	237
OtsAC07SFMK_0801	198	202	154	258	229	261	175	231	249	285	280	316	191	219	258	278	203	247	160	160	205	237
OtsAC07SFMK_0803	218	230	154	242	209	233	175	187	249	249	336	336	185	197	242	254	247	267	142	164	193	201
OtsAC07SFMK_0806	182	194	242	310	217	249	175	183	223	241	348	402	137	249	234	242	219	219	142	146	199	201
OtsAC07SFMK_0807	226	226	154	240	237	237	175	179	223	277	316	348	137	193	242	282	187	199	142	142	205	219
OtsAC07SFMK_0808	226	230	200	238	229	233	175	179	223	269	308	348	161	161	200	270	219	219	160	164	201	233
OtsAC07SFMK_0810	202	202	200	240	209	241	175	231	229	261	332	348	157	191	238	262	239	247	134	142	199	233
OtsAC07SFMK_0815	198	202	196	240	237	265	159	227	245	249	320	332	181	233	266	270	239	239	134	168	207	233
OtsAC07SFMK_0817	194	210	150	154	181	185	159	201	249	269	316	340	191	197	262	262	199	227	142	142	201	233
OtsAC07SFMK_0821	186	238	176	264	237	241	175	201	249	273	284	332	201	231	250	282	227	279	152	212	199	221
OtsAC07SFMK_0822	226	234	186	192	233	237	163	179	223	241	316	332	137	203	242	242	199	211	142	152	205	219
OtsAC07SFMK_0824	194	222	180	198	217	241	183	191	241	257	188	406	161	233	266	282	195	227	138	152	201	219
OtsAC07SFMK_0825	186	222	176	264	241	241	175	201	249	273	284	312	181	201	266	282	227	279	152	212	199	199
OtsAC07SFMK_0828	230	234	150	244	225	233	175	227	237	245	312	352	181	215	238	238	195	235	146	164	201	201
OtsAC07SFMK_0833	186	222	196	200	209	237	159	179	223	247	332	332	137	197	266	266	199	199	152	164	199	207
OtsAC07SFMK_0837	218	230	154	212	201	229	183	231	229	257	284	332	177	199	274	290	199	199	130	160	199	237
OtsAC07SFMK_0839	178	186	200	248	237	281	179	179	229	287	188	406	115	161	250	282	199	199	146	146	225	233
OtsAC07SFMK_0841	182	230	192	200	173	229	129	179	243	287	316	336	193	247	254	266	259	259	138	184	233	233
OtsAC07SFMK_0843	170	198	154	240	249	289	231	231	239	243	320	418	181	233	262	266	231	259	142	156	199	201
OtsAC07SFMK_0844	202	222	186	240	237	277	175	235	223	249	316	348	191	193	242	254	191	239	134	146	199	201
OtsAC07SFMK_0845	222	230	190	204	237	237	171	183	233	257	188	312	177	193	278	286	227	239	142	172	193	199
OtsAC07SFMK_0846	202	226	196	200	177	261	179	179	239	261	184	336	137	197	250	274	223	247	176	180	203	233
OtsAC07SFMK_0848	226	234	180	254	213	281	179	223	265	269	312	348	181	193	220	274	203	247	164	168	199	233
OtsAC07SFMK_0849	190	210	242	258	193	249	159	171	229	237	188	284	161	199	234	238	199	203	138	138	193	205
OtsAC07SFMK_0850	202	230	154	162	229	257	183	219	245	265	344	356	165	187	242	274	239	318	146	184	201	201
OtsAC07SFMK_0852	170	198	154	240	193	209	227	231	211	277	316	336	161	191	262	278	175	247	134	164	229	233
OtsAC07SFMK_0856	194	202	180	236	205	229	183	183	233	249	344	402	239	245	242	282	211	211	134	146	221	221
OtsAC07SFMK_0857	222	230	154	190	273	277	227	231	229	247	276	348	115	197	234	254	199	267	152	152	199	233
OtsAC07SFMK_0858	198	202	196	250	245	277	175	175	223	249	284	336	193	243	242	262	235	239	146	164	201	219
OtsAC07SFMK_0859	190	218	158	184	197	225	175	223	223	253	308	308	203	203	200	262	231	255	138	152	201	237
OtsAC07SFMK_0860	194	218	200	254	181	205	163	231	241	265	332	336	115	195	200	242	243	259	142	146	221	221
OtsAC07SFMK_0863	226	234	176	200	181	237	227	231	241	253	316	324	187	197	242	242	211	243	142	164	233	237
OtsAC07SFMK_0864	202	222	180	208	161	249	207	235	241	247	188	312	191	245	242	270	199	259	146	164	199	233
OtsAC07SFMK_0867	202	234	154	250	237	257	175	223	249	261	340	406	161	165	242	258	247	259	142	142	201	203
OtsAC07SFMK_0868	230	234	166	254	229	237	201	201	243	265	280	316	219	245	238	282	195	211	130	164	233	233
OtsAC07SFMK_0871	182	230	154	240	201	229	227	231	229	257	316	328	181	199	270	290	199	199	130	138	201	237
OtsAC07SFMK_0873	202	226	190	192	217	229	175	201	233	281	324	340	249	249	234	242	227	247	142	142	199	227
OtsAC07SFMK_0875	194	230	154	202	245	261	175	239	243	255	284	320	235	245	246	266	235	235	160	160	199	203
OtsAC07SFMK_0876	186	190	154	252	177	261	175	183	249	265	328	352	161	195	234	258	199	247	142	146	201	237
OtsAC07SFMK_0877	170	226	196	250	217	229	179	179	171	241	328	380	119	137	238	266	247	259	134	160	201	233
OtsAC07SFMK_0879	194	234	204	244	237	241	175	207	241	249	320	380	181	187	266	270	235	235	152	212	199	207
